Elevation	Incidence	weight	Cancer
1.36983	50.3	343.154484161289	Lung
1.30298	52.7	226.572284271488	Lung
1.01521	54.6	183	Lung
0.27589	60.6	140.410113595852	Lung
0.38463	56	500	Lung
0.57798	83.5	393.741031643897	Lung
0.78219	49.2	500	Lung
0.56683	54.7	423.94221304324	Lung
1.21773	35.1	195.910693939866	Lung
1.4198	52.6	409.28840687222	Lung
0.06017	53.7	400.032498679795	Lung
0.05279	52.3	500	Lung
0.49985	61.4	187.349939951952	Lung
0.19901	70	450.744938962159	Lung
0.56458	61.3	201.380237362061	Lung
0.06799	69	137.127677731376	Lung
0.07319	52.8	500	Lung
0.0686	82.3	165.852343968965	Lung
0.85998	63.6	397.717236237003	Lung
0.11653	55	500	Lung
0.07449	79.2	162.643782543324	Lung
0.12935	63.4	357.523425805918	Lung
-0.01103	48.5	377.307566846996	Lung
1.4788	78.4	133.958948935859	Lung
0.28028	61.1	500	Lung
0.09173	57.9	359.806892652156	Lung
0.50428	84.2	241.472565729525	Lung
1.46994	60.4	183.92389730538	Lung
0.15581	45.6	500	Lung
0.24307	59.6	350.868921393731	Lung
0.05397	45.3	498.236891448235	Lung
0.92829	74.2	130.881625906771	Lung
0.31059	61	293.709039697453	Lung
0.05104	62.2	458.861634918414	Lung
0.07103	48.6	500	Lung
0.07428	66.4	352.53226802663	Lung
0.88241	56	303.369411773831	Lung
0.06836	48.7	500	Lung
0.2958	55.3	498.396428558632	Lung
1.47778	62.9	144.30523206038	Lung
0.34742	55.2	500	Lung
0.0261	63.7	500	Lung
0.12877	42.9	230.724944468516	Lung
0.53363	57	500	Lung
0.12913	54.1	500	Lung
0.05683	50.8	500	Lung
0.01064	62.3	500	Lung
0.16742	56.2	497.588183139431	Lung
0.05823	50.2	500	Lung
0.08125	48.4	500	Lung
0.05731	44.3	500	Lung
0.09877	46.1	500	Lung
0.29698	77.2	404.049501917772	Lung
1.13598	77.2	210.478027356777	Lung
0.03694	64.5	500	Lung
0.068	55.9	500	Lung
0.03307	61.5	500	Lung
0.01845	64.8	280.944834442636	Lung
0.18074	93.2	236.725579521944	Lung
1.0035	76.4	114.113978109608	Lung
0.13237	54.8	500	Lung
0.77616	69.6	233.454492353435	Lung
0.15456	48.7	500	Lung
0.01839	57.3	410.682359007542	Lung
0.08789	96.2	245.395598982541	Lung
1.61368	61.9	500	Lung
2.30932	23.3	122.335603975294	Lung
1.70136	48.7	500	Lung
1.64471	39.3	500	Lung
2.51958	39	127.444105395267	Lung
1.82309	57.6	166.83524807426	Lung
1.63732	51.5	500	Lung
1.94199	49.8	500	Lung
1.7424	67.2	214.813872922584	Lung
2.03862	51	209.262992428188	Lung
2.78515	40.3	111.543713404208	Lung
2.67836	33.6	118.135515404979	Lung
1.76535	48.2	500	Lung
2.22172	44.8	212.087246198351	Lung
1.60459	41.5	500	Lung
2.00886	50.5	123.316665540388	Lung
1.22997	59.1	143.19217855735	Lung
1.47285	61.5	340.961874701557	Lung
1.94815	59.3	114.821600755259	Lung
1.99752	53.7	154.369686143362	Lung
1.91971	57.6	182.84419597023	Lung
1.32823	49.8	164.836282413794	Lung
1.27874	52.1	142.516665692122	Lung
2.75963	25	121.950809755409	Lung
1.11224	45.5	120.345336428131	Lung
1.49269	51.3	376.127637910324	Lung
2.4774	38.4	111.413643688733	Lung
2.33629	49.6	142.80406156689	Lung
1.46872	55	425.365724994386	Lung
0.83037	58.7	500	Lung
1.4416	42.1	274.890887444455	Lung
1.40641	46.8	204.2914584607	Lung
1.93417	28.9	137.807837222707	Lung
0.80397	58.6	191.924464308227	Lung
1.45545	36	287.266426858413	Lung
0.75237	57.7	362.547927866096	Lung
1.35891	34.6	146.342065039414	Lung
1.58565	26	108.715224324839	Lung
0.76313	75.8	123.211200789539	Lung
1.05944	63.1	118.974787245029	Lung
1.11151	58.1	124.543165207891	Lung
1.48497	35.9	138.401589586247	Lung
1.15273	62.1	135.432640083549	Lung
0.72524	60.9	329.674081480483	Lung
0.82288	35.6	186.909068800848	Lung
1.27387	43.2	142.035206903077	Lung
0.42658	70.3	193.416648714634	Lung
0.92709	70.5	103.169763012231	Lung
0.68787	75.9	143.450339839263	Lung
1.0906	97.9	117.349904132896	Lung
1.16248	59.1	253.542895778998	Lung
1.05983	74.1	283.473102780493	Lung
0.73941	77.5	108.148046676766	Lung
1.25059	62.8	109.055031979272	Lung
0.99844	62.5	272.893752218698	Lung
1.55282	47.9	260.443851914381	Lung
0.86015	77.4	129.123971438304	Lung
1.60127	96	100.244700608062	Lung
1.29116	73.3	236.042369078096	Lung
1.09585	87.9	137.247950804374	Lung
1.09651	62.5	309.51898164733	Lung
1.65706	49.6	125.275695966935	Lung
1.39823	51.4	189.921036222952	Lung
1.16545	59.4	101.128630960772	Lung
1.73005	59.2	186.026879778165	Lung
0.9978	69.2	359.655390617185	Lung
1.24885	82.6	154.861228201251	Lung
0.65514	71.3	500	Lung
1.64554	59.1	203.123115375872	Lung
1.75552	57.6	212.816822643324	Lung
1.50769	56	126.9094165143	Lung
1.45403	80.4	185.744448100071	Lung
1.46328	65.9	500	Lung
1.63461	44.2	500	Lung
1.1099	62.9	247.753910160869	Lung
2.133	32.7	119.117588961496	Lung
1.30869	59	212.235718011837	Lung
1.23261	43.5	417.949757746072	Lung
1.01084	63	227.283963358614	Lung
1.84299	39.7	187.701891306401	Lung
1.12207	67.7	235.607724830915	Lung
2.05568	39.7	139.323364874668	Lung
2.16274	24.5	135.436331905438	Lung
1.32874	53	158.16447135814	Lung
1.47471	58.3	249.595673039418	Lung
1.26037	85.5	100.772019926168	Lung
2.03226	27.5	202.953196574974	Lung
1.23935	67.8	134.231143927183	Lung
1.69457	44.8	299.846627461441	Lung
2.05931	38.5	173.568430309201	Lung
2.04993	37.8	359.571967761671	Lung
1.47006	60.2	115.195486022674	Lung
1.61397	49	134.454453254624	Lung
2.39819	35.9	173.144448366097	Lung
1.9708	55.2	130.042300810159	Lung
1.51823	57.1	257.21975040809	Lung
1.17598	65.8	129.387016350173	Lung
0.1047	58	279.558580623096	Lung
0.12243	58.6	500	Lung
0.0806	75.4	188.759105740624	Lung
0.12409	86.1	208.710325571113	Lung
0.07516	79.6	250.557378658063	Lung
1.00498	68.9	138.499097469984	Lung
0.14325	74.1	145.385693931693	Lung
1.09946	58.5	339.657180109592	Lung
0.26616	78.2	316.85801236516	Lung
0.36833	61.2	142.867071083578	Lung
0.52203	65	425.756972931742	Lung
0.80805	63.4	137.873130087048	Lung
0.43704	78.1	275.183575091247	Lung
1.31484	72.6	252.537125983488	Lung
0.17643	65.2	500	Lung
0.10697	73.9	210.900450449969	Lung
0.14357	72.8	321.043610744709	Lung
0.75439	57.1	177.806074136965	Lung
0.08907	65.6	500	Lung
0.30439	73.3	104.857045542968	Lung
0.07789	71.7	500	Lung
0.10471	55	249.759884689275	Lung
0.17886	75.4	157.702251093635	Lung
0.31283	56.6	265.608734796128	Lung
0.95034	52.3	156.620560591514	Lung
0.27752	86.8	154.243314279744	Lung
0.07951	52.3	500	Lung
0.08127	68.1	291.533874532618	Lung
1.38951	24.6	206.748639656952	Lung
1.43827	12	302.309444113147	Lung
1.86423	40.5	142.90556322271	Lung
1.41133	21.1	488.870125902575	Lung
1.80322	45.3	119.879105769104	Lung
1.43217	39.5	109.238271681678	Lung
1.86774	36	183.790641763937	Lung
1.38006	30.9	500	Lung
1.98589	22.9	150.874119715742	Lung
1.8541	39	137.266164804004	Lung
2.16598	18.9	172.441294358399	Lung
1.4913	38.7	201.829135656872	Lung
1.72981	47	158.820653568735	Lung
1.47365	17	500	Lung
1.92202	31.3	123.349098091555	Lung
1.00458	32.1	300.589420971531	Lung
1.38761	32.3	443.320425877265	Lung
0.37034	46.5	128.171759760097	Lung
0.37187	66.8	143.356199726416	Lung
0.1679	64.9	377.458607002145	Lung
0.48124	51.4	258.10075552001	Lung
0.14544	65.8	256.353271873015	Lung
0.08758	57.8	500	Lung
0.08174	80.2	304.873744359858	Lung
0.36223	52.4	180.563008393192	Lung
0.15124	62.8	222.141846575561	Lung
0.3723	59.7	273.309348541172	Lung
0.06532	101	259.218054926735	Lung
0.05718	54.7	267.503271008038	Lung
0.04286	64.9	161.099348229594	Lung
0.09375	58.1	500	Lung
0.07513	63.8	481.631601953194	Lung
0.63657	53.6	182.652675863235	Lung
0.49813	46.1	138.423263940712	Lung
0.19497	69.9	261.916017074176	Lung
0.6689	76	100.915806492343	Lung
0.07554	84.6	222.272355456094	Lung
0.63894	56.8	198.907013451009	Lung
0.0765	70.7	150.439356552732	Lung
0.8434	66.2	108.314357312408	Lung
0.10884	77.3	500	Lung
0.12677	69.5	325.339822339658	Lung
0.10887	73.1	500	Lung
0.63886	69.6	500	Lung
0.72001	61.8	200.164931993594	Lung
0.0679	69.2	455.362492965769	Lung
0.29391	50	234.90423580685	Lung
0.09604	59.9	408.428696347355	Lung
0.34955	62.6	471.784908618324	Lung
1.34189	49.5	107.056060080689	Lung
1.38626	75.4	186.866262337534	Lung
2.14516	54.7	125.055987461617	Lung
1.55684	71.4	109.781601372908	Lung
1.74152	48.8	191.436673602526	Lung
1.29468	52.4	111.973211081937	Lung
1.84803	61.7	285.669389329694	Lung
2.03552	25.6	120.718681238655	Lung
1.6222	66.4	257.939915484207	Lung
1.6262	42.3	160.580198032011	Lung
1.28398	56	162.972390299707	Lung
1.95832	39.1	193.940712590214	Lung
2.12341	36.7	135.096261976414	Lung
2.11772	32.1	140.506227619988	Lung
1.36983	93.2	343.154484161289	Breast
1.30298	86.1	226.572284271488	Breast
1.01521	104.9	183	Breast
0.27589	36.5	140.410113595852	Breast
0.38463	114.7	500	Breast
0.57798	96	393.741031643897	Breast
0.78219	100.7	500	Breast
0.56683	96.8	423.94221304324	Breast
1.21773	79.9	195.910693939866	Breast
1.4198	110.7	409.28840687222	Breast
0.06017	98.4	400.032498679795	Breast
0.05279	128.3	500	Breast
0.19901	137.2	450.744938962159	Breast
0.07319	136.8	500	Breast
0.85998	133.7	397.717236237003	Breast
0.11653	110.2	500	Breast
0.12935	118.7	357.523425805918	Breast
-0.01103	104.2	377.307566846996	Breast
0.28028	115.3	500	Breast
0.09173	112.4	359.806892652156	Breast
0.50428	103.3	241.472565729525	Breast
0.15581	117.9	500	Breast
0.24307	108.6	350.868921393731	Breast
0.05397	151	498.236891448235	Breast
0.05104	105.3	458.861634918414	Breast
0.07103	111.9	500	Breast
0.07428	124.3	352.53226802663	Breast
0.88241	144.9	303.369411773831	Breast
0.06836	126.5	500	Breast
0.2958	143.5	498.396428558632	Breast
0.34742	119	500	Breast
0.0261	126.8	500	Breast
0.53363	114.6	500	Breast
0.12913	128.7	500	Breast
0.05683	116.8	500	Breast
0.01064	114.1	500	Breast
0.16742	129	497.588183139431	Breast
0.05823	139.1	500	Breast
0.08125	133.3	500	Breast
0.05731	128	500	Breast
0.09877	124.8	500	Breast
0.29698	121.2	404.049501917772	Breast
1.13598	109.9	210.478027356777	Breast
0.03694	125.3	500	Breast
0.068	146	500	Breast
0.03307	115.8	500	Breast
0.18074	115.7	236.725579521944	Breast
0.13237	105.4	500	Breast
0.77616	164.8	233.454492353435	Breast
0.15456	137.8	500	Breast
0.01839	132.5	410.682359007542	Breast
0.08789	110.7	245.395598982541	Breast
1.61368	117.8	500	Breast
2.30932	101.9	122.335603975294	Breast
1.70136	123	500	Breast
1.64471	138.9	500	Breast
2.51958	100.4	127.444105395267	Breast
1.82309	100.7	166.83524807426	Breast
1.63732	131.2	500	Breast
1.94199	123.1	500	Breast
1.7424	117	214.813872922584	Breast
2.03862	131.4	209.262992428188	Breast
2.67836	107.6	118.135515404979	Breast
1.76535	132.7	500	Breast
2.22172	121.2	212.087246198351	Breast
1.60459	124.8	500	Breast
2.00886	56.8	123.316665540388	Breast
1.22997	135.1	143.19217855735	Breast
1.47285	126.5	340.961874701557	Breast
1.94815	114.1	114.821600755259	Breast
1.99752	103.3	154.369686143362	Breast
1.91971	133.5	182.84419597023	Breast
1.32823	101.4	164.836282413794	Breast
1.27874	86.9	142.516665692122	Breast
2.75963	122.2	121.950809755409	Breast
1.11224	102	120.345336428131	Breast
1.49269	126.7	376.127637910324	Breast
2.4774	113.4	111.413643688733	Breast
2.33629	127.2	142.80406156689	Breast
1.46872	108.2	425.365724994386	Breast
0.83037	127.9	500	Breast
1.4416	110.8	274.890887444455	Breast
1.40641	103.7	204.2914584607	Breast
1.93417	111.7	137.807837222707	Breast
0.80397	121	191.924464308227	Breast
1.45545	110.8	287.266426858413	Breast
0.75237	113.5	362.547927866096	Breast
1.35891	74.8	146.342065039414	Breast
1.57506	121	106.437775249204	Breast
1.58565	129.8	108.715224324839	Breast
0.76313	132.1	123.211200789539	Breast
1.05944	122.7	118.974787245029	Breast
1.11151	77.4	124.543165207891	Breast
1.48497	110.8	138.401589586247	Breast
1.15273	118.4	135.432640083549	Breast
0.72524	130.1	329.674081480483	Breast
0.82288	119.1	186.909068800848	Breast
1.27387	119.1	142.035206903077	Breast
0.42658	126.3	193.416648714634	Breast
0.92709	82.2	103.169763012231	Breast
0.68787	137.4	143.450339839263	Breast
1.0906	99.8	117.349904132896	Breast
1.16248	131.4	253.542895778998	Breast
1.05983	123.7	283.473102780493	Breast
0.73941	119.4	108.148046676766	Breast
1.25059	113.4	109.055031979272	Breast
0.99844	134.5	272.893752218698	Breast
1.55282	143.7	260.443851914381	Breast
0.86015	85.5	129.123971438304	Breast
1.60127	101.7	100.244700608062	Breast
1.29116	129.5	236.042369078096	Breast
1.09585	117.9	137.247950804374	Breast
1.09651	129.1	309.51898164733	Breast
1.65706	128.2	125.275695966935	Breast
1.39823	116.6	189.921036222952	Breast
1.16545	124.3	101.128630960772	Breast
1.73005	107.7	186.026879778165	Breast
0.9978	116.4	359.655390617185	Breast
1.24885	100.7	154.861228201251	Breast
0.65514	114.5	500	Breast
1.64554	107.4	203.123115375872	Breast
1.75552	94.8	212.816822643324	Breast
1.50769	107.5	126.9094165143	Breast
1.45403	114.1	185.744448100071	Breast
1.46328	120.6	500	Breast
1.63461	117.9	500	Breast
1.1099	114.3	247.753910160869	Breast
2.133	66.6	119.117588961496	Breast
1.30869	97.9	212.235718011837	Breast
1.23261	103	417.949757746072	Breast
1.01084	113.2	227.283963358614	Breast
1.84299	109.7	187.701891306401	Breast
1.12207	86.8	235.607724830915	Breast
2.05568	91	139.323364874668	Breast
2.16274	150	135.436331905438	Breast
1.32874	90	158.16447135814	Breast
1.47471	98.3	249.595673039418	Breast
1.26037	85.2	100.772019926168	Breast
2.03226	83.9	202.953196574974	Breast
1.23935	82.4	134.231143927183	Breast
1.69457	127.4	299.846627461441	Breast
2.05931	92.8	173.568430309201	Breast
2.04993	133.3	359.571967761671	Breast
1.47006	97.2	115.195486022674	Breast
1.61397	97.2	134.454453254624	Breast
2.39819	132.3	173.144448366097	Breast
1.9708	125.5	130.042300810159	Breast
1.51823	109.6	257.21975040809	Breast
1.17598	106.2	129.387016350173	Breast
0.1047	140.2	279.558580623096	Breast
0.12243	134.8	500	Breast
0.0806	126.8	188.759105740624	Breast
0.12409	135.9	208.710325571113	Breast
0.07516	116.5	250.557378658063	Breast
1.00498	116.9	138.499097469984	Breast
0.14325	121.6	145.385693931693	Breast
1.09946	127.3	339.657180109592	Breast
0.26616	117.8	316.85801236516	Breast
0.36833	130.7	142.867071083578	Breast
0.52203	125.9	425.756972931742	Breast
0.80805	125	137.873130087048	Breast
0.43704	123.9	275.183575091247	Breast
1.31484	110.7	252.537125983488	Breast
0.17643	130.6	500	Breast
0.10697	113.9	210.900450449969	Breast
0.14357	127.9	321.043610744709	Breast
0.75439	108.9	177.806074136965	Breast
0.08907	126.9	500	Breast
0.30439	112.3	104.857045542968	Breast
0.07789	140.5	500	Breast
0.10471	128.1	249.759884689275	Breast
0.17886	128.8	157.702251093635	Breast
0.31283	127.6	265.608734796128	Breast
0.95034	122	156.620560591514	Breast
0.27752	128.4	154.243314279744	Breast
0.07951	138.1	500	Breast
0.08127	143.2	291.533874532618	Breast
1.38951	123.1	206.748639656952	Breast
1.43827	120.2	302.309444113147	Breast
1.86423	95.7	142.90556322271	Breast
1.41133	110.6	488.870125902575	Breast
1.80322	98.3	119.879105769104	Breast
1.87928	125	104.211323760904	Breast
1.43217	65	109.238271681678	Breast
1.86774	91.6	183.790641763937	Breast
1.58687	93.4	111.377735656638	Breast
1.38006	114.7	500	Breast
1.98589	84.6	150.874119715742	Breast
1.8541	87.9	137.266164804004	Breast
2.16598	136.1	172.441294358399	Breast
1.4913	112.8	201.829135656872	Breast
1.72981	89	158.820653568735	Breast
1.47365	104	500	Breast
1.92202	103.9	123.349098091555	Breast
1.00458	97.8	300.589420971531	Breast
1.38761	100.8	443.320425877265	Breast
0.37034	100.5	128.171759760097	Breast
0.37187	91.6	143.356199726416	Breast
0.1679	132.9	377.458607002145	Breast
0.48124	112.4	258.10075552001	Breast
0.14544	130.6	256.353271873015	Breast
0.08758	122.5	500	Breast
0.08174	145.6	304.873744359858	Breast
0.36223	120.4	180.563008393192	Breast
0.15124	106	222.141846575561	Breast
0.3723	109.7	273.309348541172	Breast
0.06532	122.1	259.218054926735	Breast
0.05718	126.5	267.503271008038	Breast
0.04286	135.6	161.099348229594	Breast
0.09375	141.7	500	Breast
0.07513	126.1	481.631601953194	Breast
0.63657	122.5	182.652675863235	Breast
0.49813	82.6	138.423263940712	Breast
0.19497	112.1	261.916017074176	Breast
0.6689	55.6	100.915806492343	Breast
0.07554	146.5	222.272355456094	Breast
0.63894	101.3	198.907013451009	Breast
0.0765	96	150.439356552732	Breast
0.8434	122.2	108.314357312408	Breast
0.10884	136	500	Breast
0.05858	120	128.922457314465	Breast
0.12677	131.1	325.339822339658	Breast
0.10887	143.6	500	Breast
0.63886	126.8	500	Breast
0.72001	109.7	200.164931993594	Breast
0.0679	139.1	455.362492965769	Breast
0.29391	159.4	234.90423580685	Breast
0.09604	143.5	408.428696347355	Breast
0.34955	125.1	471.784908618324	Breast
1.34189	104.5	107.056060080689	Breast
1.38626	129.3	186.866262337534	Breast
2.14516	101.2	125.055987461617	Breast
1.55684	129.2	109.781601372908	Breast
1.74152	90.4	191.436673602526	Breast
1.29468	101.5	111.973211081937	Breast
1.84803	133.5	285.669389329694	Breast
2.03552	95.3	120.718681238655	Breast
1.6222	130	257.939915484207	Breast
1.6262	114.7	160.580198032011	Breast
1.28398	100.4	162.972390299707	Breast
1.95832	104.6	193.940712590214	Breast
2.12341	139.7	135.096261976414	Breast
2.11772	71.6	140.506227619988	Breast
1.36983	34.8	343.154484161289	Colorectal
1.30298	32.5	226.572284271488	Colorectal
1.01521	38	183	Colorectal
0.27589	34.5	140.410113595852	Colorectal
0.38463	37.3	500	Colorectal
0.57798	43	393.741031643897	Colorectal
0.78219	35.4	500	Colorectal
0.56683	35.9	423.94221304324	Colorectal
1.21773	34.8	195.910693939866	Colorectal
1.4198	38.2	409.28840687222	Colorectal
0.06017	31.8	400.032498679795	Colorectal
0.05279	45.1	500	Colorectal
0.19901	40.4	450.744938962159	Colorectal
0.07319	46.1	500	Colorectal
0.85998	47.8	397.717236237003	Colorectal
0.11653	40.9	500	Colorectal
0.12935	50.2	357.523425805918	Colorectal
-0.01103	39.2	377.307566846996	Colorectal
0.28028	44.8	500	Colorectal
0.09173	45.6	359.806892652156	Colorectal
0.50428	51.8	241.472565729525	Colorectal
0.15581	45.2	500	Colorectal
0.24307	48.3	350.868921393731	Colorectal
0.05397	41.9	498.236891448235	Colorectal
0.05104	44.3	458.861634918414	Colorectal
0.07103	35.9	500	Colorectal
0.07428	50	352.53226802663	Colorectal
0.88241	38.1	303.369411773831	Colorectal
0.06836	41.4	500	Colorectal
0.2958	39.6	498.396428558632	Colorectal
0.34742	44.7	500	Colorectal
0.0261	44.4	500	Colorectal
0.53363	47.3	500	Colorectal
0.12913	41.4	500	Colorectal
0.05683	44.9	500	Colorectal
0.01064	42.3	500	Colorectal
0.16742	37.5	497.588183139431	Colorectal
0.05823	44.1	500	Colorectal
0.08125	36.1	500	Colorectal
0.05731	42.2	500	Colorectal
0.09877	38.1	500	Colorectal
0.29698	38.1	404.049501917772	Colorectal
1.13598	36.3	210.478027356777	Colorectal
0.03694	48.6	500	Colorectal
0.068	45.8	500	Colorectal
0.03307	48	500	Colorectal
0.18074	51.9	236.725579521944	Colorectal
0.13237	42.1	500	Colorectal
0.77616	47.2	233.454492353435	Colorectal
0.15456	44.6	500	Colorectal
0.01839	36.9	410.682359007542	Colorectal
0.08789	48.1	245.395598982541	Colorectal
1.61368	48.4	500	Colorectal
2.30932	51.5	122.335603975294	Colorectal
1.70136	37.6	500	Colorectal
1.64471	38.5	500	Colorectal
2.51958	31	127.444105395267	Colorectal
1.82309	31.5	166.83524807426	Colorectal
1.63732	42.9	500	Colorectal
1.94199	39.2	500	Colorectal
1.7424	39.4	214.813872922584	Colorectal
2.03862	30.5	209.262992428188	Colorectal
2.67836	33.6	118.135515404979	Colorectal
1.76535	37.6	500	Colorectal
2.22172	28.9	212.087246198351	Colorectal
1.60459	38.3	500	Colorectal
2.00886	48.4	123.316665540388	Colorectal
1.22997	45.9	143.19217855735	Colorectal
1.47285	36.4	340.961874701557	Colorectal
1.94815	52.2	114.821600755259	Colorectal
1.99752	37.2	154.369686143362	Colorectal
1.91971	32	182.84419597023	Colorectal
1.32823	42.3	164.836282413794	Colorectal
1.27874	59.1	142.516665692122	Colorectal
2.75963	30.1	121.950809755409	Colorectal
1.11224	51.2	120.345336428131	Colorectal
1.49269	50.5	376.127637910324	Colorectal
2.4774	48.9	111.413643688733	Colorectal
2.33629	36.4	142.80406156689	Colorectal
1.46872	41.8	425.365724994386	Colorectal
0.83037	40.9	500	Colorectal
1.4416	41.7	274.890887444455	Colorectal
1.40641	38.7	204.2914584607	Colorectal
1.93417	22.2	137.807837222707	Colorectal
0.80397	53.2	191.924464308227	Colorectal
1.45545	37.8	287.266426858413	Colorectal
0.75237	37.2	362.547927866096	Colorectal
1.35891	30	146.342065039414	Colorectal
1.57506	34.9	106.437775249204	Colorectal
1.58565	35.4	108.715224324839	Colorectal
0.76313	41.4	123.211200789539	Colorectal
1.05944	45.3	118.974787245029	Colorectal
1.11151	51	124.543165207891	Colorectal
1.48497	30.7	138.401589586247	Colorectal
1.15273	47.2	135.432640083549	Colorectal
0.72524	45.1	329.674081480483	Colorectal
0.82288	29.3	186.909068800848	Colorectal
1.27387	41.5	142.035206903077	Colorectal
0.42658	37.7	193.416648714634	Colorectal
0.92709	34.1	103.169763012231	Colorectal
0.68787	46	143.450339839263	Colorectal
1.0906	51	117.349904132896	Colorectal
1.16248	42.7	253.542895778998	Colorectal
1.05983	47.1	283.473102780493	Colorectal
0.73941	69.8	108.148046676766	Colorectal
1.25059	60.4	109.055031979272	Colorectal
0.99844	41.8	272.893752218698	Colorectal
1.55282	34.5	260.443851914381	Colorectal
0.86015	61.9	129.123971438304	Colorectal
1.60127	49.3	100.244700608062	Colorectal
1.29116	45.6	236.042369078096	Colorectal
1.09585	43.1	137.247950804374	Colorectal
1.09651	36.2	309.51898164733	Colorectal
1.65706	35.2	125.275695966935	Colorectal
1.39823	33.7	189.921036222952	Colorectal
1.16545	48.3	101.128630960772	Colorectal
1.73005	49.9	186.026879778165	Colorectal
0.9978	47.8	359.655390617185	Colorectal
1.24885	58.5	154.861228201251	Colorectal
0.65514	46.7	500	Colorectal
1.64554	41.6	203.123115375872	Colorectal
1.75552	37.7	212.816822643324	Colorectal
1.50769	42.8	126.9094165143	Colorectal
1.45403	54.3	185.744448100071	Colorectal
1.46328	40.5	500	Colorectal
1.63461	38.8	500	Colorectal
1.1099	37.3	247.753910160869	Colorectal
2.133	37.8	119.117588961496	Colorectal
1.30869	43.2	212.235718011837	Colorectal
1.23261	38.1	417.949757746072	Colorectal
1.01084	46.7	227.283963358614	Colorectal
1.84299	37.8	187.701891306401	Colorectal
1.12207	37.7	235.607724830915	Colorectal
2.05568	35.8	139.323364874668	Colorectal
2.16274	26.2	135.436331905438	Colorectal
1.32874	35.2	158.16447135814	Colorectal
1.47471	42.9	249.595673039418	Colorectal
1.26037	54.7	100.772019926168	Colorectal
2.03226	44.6	202.953196574974	Colorectal
1.23935	47.2	134.231143927183	Colorectal
1.69457	44.6	299.846627461441	Colorectal
2.05931	42.9	173.568430309201	Colorectal
2.04993	35.6	359.571967761671	Colorectal
1.47006	40.4	115.195486022674	Colorectal
1.61397	43.8	134.454453254624	Colorectal
2.39819	44.2	173.144448366097	Colorectal
1.9708	36.2	130.042300810159	Colorectal
1.51823	46.7	257.21975040809	Colorectal
1.17598	34.7	129.387016350173	Colorectal
0.1047	41.5	279.558580623096	Colorectal
0.12243	41.7	500	Colorectal
0.0806	51.6	188.759105740624	Colorectal
0.12409	54.7	208.710325571113	Colorectal
0.07516	41	250.557378658063	Colorectal
1.00498	37.9	138.499097469984	Colorectal
0.14325	36.7	145.385693931693	Colorectal
1.09946	39	339.657180109592	Colorectal
0.26616	44.7	316.85801236516	Colorectal
0.36833	36.1	142.867071083578	Colorectal
0.52203	42.7	425.756972931742	Colorectal
0.80805	43	137.873130087048	Colorectal
0.43704	38.9	275.183575091247	Colorectal
1.31484	49.7	252.537125983488	Colorectal
0.17643	38.9	500	Colorectal
0.10697	46.7	210.900450449969	Colorectal
0.14357	41.6	321.043610744709	Colorectal
0.75439	33.8	177.806074136965	Colorectal
0.08907	46.7	500	Colorectal
0.30439	51.2	104.857045542968	Colorectal
0.07789	44.9	500	Colorectal
0.10471	46.3	249.759884689275	Colorectal
0.17886	43.4	157.702251093635	Colorectal
0.31283	50.4	265.608734796128	Colorectal
0.95034	48.7	156.620560591514	Colorectal
0.27752	40.8	154.243314279744	Colorectal
0.07951	38.4	500	Colorectal
0.08127	48.6	291.533874532618	Colorectal
1.38951	39.6	206.748639656952	Colorectal
1.43827	29.3	302.309444113147	Colorectal
1.86423	46.7	142.90556322271	Colorectal
1.41133	37.4	488.870125902575	Colorectal
1.80322	49.8	119.879105769104	Colorectal
1.87928	40.1	104.211323760904	Colorectal
1.43217	42.1	109.238271681678	Colorectal
1.86774	31.1	183.790641763937	Colorectal
1.58687	40.5	111.377735656638	Colorectal
1.38006	33.4	500	Colorectal
1.98589	51.6	150.874119715742	Colorectal
1.8541	50.9	137.266164804004	Colorectal
2.16598	35	172.441294358399	Colorectal
1.4913	42.8	201.829135656872	Colorectal
1.72981	33.2	158.820653568735	Colorectal
1.47365	34.9	500	Colorectal
1.92202	40.7	123.349098091555	Colorectal
1.00458	32	300.589420971531	Colorectal
1.38761	36	443.320425877265	Colorectal
0.37034	28.8	128.171759760097	Colorectal
0.37187	32.1	143.356199726416	Colorectal
0.1679	45.5	377.458607002145	Colorectal
0.48124	38.8	258.10075552001	Colorectal
0.14544	47.1	256.353271873015	Colorectal
0.08758	40.9	500	Colorectal
0.08174	50.8	304.873744359858	Colorectal
0.36223	42.4	180.563008393192	Colorectal
0.15124	46.9	222.141846575561	Colorectal
0.3723	39	273.309348541172	Colorectal
0.06532	54.1	259.218054926735	Colorectal
0.05718	43.8	267.503271008038	Colorectal
0.04286	37	161.099348229594	Colorectal
0.09375	40.1	500	Colorectal
0.07513	44	481.631601953194	Colorectal
0.63657	30.1	182.652675863235	Colorectal
0.49813	37.2	138.423263940712	Colorectal
0.19497	51.7	261.916017074176	Colorectal
0.6689	30.3	100.915806492343	Colorectal
0.07554	47.7	222.272355456094	Colorectal
0.63894	41.6	198.907013451009	Colorectal
0.0765	32.3	150.439356552732	Colorectal
0.8434	51.9	108.314357312408	Colorectal
0.10884	44.2	500	Colorectal
0.05858	25.6	128.922457314465	Colorectal
0.12677	46.7	325.339822339658	Colorectal
0.10887	47	500	Colorectal
0.63886	43.8	500	Colorectal
0.72001	39	200.164931993594	Colorectal
0.0679	47.9	455.362492965769	Colorectal
0.29391	41.4	234.90423580685	Colorectal
0.09604	43.6	408.428696347355	Colorectal
0.34955	38.7	471.784908618324	Colorectal
1.34189	50.3	107.056060080689	Colorectal
1.38626	45.8	186.866262337534	Colorectal
2.14516	39.1	125.055987461617	Colorectal
1.55684	65.7	109.781601372908	Colorectal
1.74152	55.8	191.436673602526	Colorectal
1.29468	55.6	111.973211081937	Colorectal
1.84803	40.8	285.669389329694	Colorectal
2.03552	51.8	120.718681238655	Colorectal
1.6222	39.5	257.939915484207	Colorectal
1.6262	37.1	160.580198032011	Colorectal
1.28398	42.8	162.972390299707	Colorectal
1.95832	37.6	193.940712590214	Colorectal
2.12341	32.6	135.096261976414	Colorectal
2.11772	36.6	140.506227619988	Colorectal
1.36983	81.5	343.154484161289	Prostate
1.30298	82.6	226.572284271488	Prostate
1.01521	79.1	183	Prostate
0.27589	92.3	140.410113595852	Prostate
0.38463	129.6	500	Prostate
0.57798	109.7	393.741031643897	Prostate
0.78219	104.7	500	Prostate
0.56683	109.8	423.94221304324	Prostate
1.21773	80.6	195.910693939866	Prostate
1.4198	132.3	409.28840687222	Prostate
0.06017	92	400.032498679795	Prostate
0.05279	150.8	500	Prostate
0.49985	161.1	187.349939951952	Prostate
0.19901	158.2	450.744938962159	Prostate
0.56458	142.6	201.380237362061	Prostate
0.06799	96.8	137.127677731376	Prostate
0.07319	158	500	Prostate
0.0686	144.5	165.852343968965	Prostate
0.85998	173	397.717236237003	Prostate
0.11653	143.5	500	Prostate
0.07449	149.8	162.643782543324	Prostate
0.12935	158.3	357.523425805918	Prostate
-0.01103	125.4	377.307566846996	Prostate
1.4788	165	133.958948935859	Prostate
0.28028	125.4	500	Prostate
0.09173	130.6	359.806892652156	Prostate
0.50428	130.5	241.472565729525	Prostate
1.46994	130.8	183.92389730538	Prostate
0.15581	139.1	500	Prostate
0.24307	145.1	350.868921393731	Prostate
0.05397	182.5	498.236891448235	Prostate
0.92829	132.1	130.881625906771	Prostate
0.31059	144.5	293.709039697453	Prostate
0.05104	121.7	458.861634918414	Prostate
2.47602	151.2	113.371072148057	Prostate
0.07103	170.5	500	Prostate
0.07428	171.7	352.53226802663	Prostate
0.88241	136	303.369411773831	Prostate
0.06836	129.7	500	Prostate
0.2958	142.8	498.396428558632	Prostate
1.47778	162.5	144.30523206038	Prostate
0.34742	147.6	500	Prostate
0.0261	143.3	500	Prostate
0.12877	174	230.724944468516	Prostate
0.53363	150.8	500	Prostate
0.12913	141.1	500	Prostate
0.05683	121.5	500	Prostate
0.01064	151.7	500	Prostate
0.16742	157.3	497.588183139431	Prostate
0.05823	154.4	500	Prostate
0.08125	139.1	500	Prostate
0.05731	146.1	500	Prostate
0.09877	176.5	500	Prostate
0.29698	164.5	404.049501917772	Prostate
1.13598	158.2	210.478027356777	Prostate
0.03694	156.3	500	Prostate
0.068	147.6	500	Prostate
0.03307	135.8	500	Prostate
0.01845	123	280.944834442636	Prostate
0.18074	167.7	236.725579521944	Prostate
1.0035	109.2	114.113978109608	Prostate
0.13237	121.8	500	Prostate
0.77616	153.3	233.454492353435	Prostate
0.15456	135.7	500	Prostate
0.01839	131.1	410.682359007542	Prostate
0.08789	133.4	245.395598982541	Prostate
1.61368	113.3	500	Prostate
2.30932	142.8	122.335603975294	Prostate
1.70136	136.4	500	Prostate
1.64471	168.7	500	Prostate
2.51958	175.3	127.444105395267	Prostate
1.82309	157.4	166.83524807426	Prostate
1.63732	136.9	500	Prostate
1.94199	178	500	Prostate
1.7424	143.8	214.813872922584	Prostate
2.03862	168.2	209.262992428188	Prostate
2.78515	145.4	111.543713404208	Prostate
2.67836	153.7	118.135515404979	Prostate
1.76535	137.1	500	Prostate
2.22172	193.1	212.087246198351	Prostate
1.60459	174.3	500	Prostate
2.00886	106	123.316665540388	Prostate
1.22997	171.6	143.19217855735	Prostate
1.47285	179.9	340.961874701557	Prostate
1.94815	140.8	114.821600755259	Prostate
1.99752	180.4	154.369686143362	Prostate
1.91971	139.5	182.84419597023	Prostate
1.32823	160.7	164.836282413794	Prostate
1.27874	164.9	142.516665692122	Prostate
2.75963	160.5	121.950809755409	Prostate
1.11224	113.6	120.345336428131	Prostate
1.49269	159	376.127637910324	Prostate
2.4774	149.3	111.413643688733	Prostate
2.33629	172.2	142.80406156689	Prostate
1.46872	139.9	425.365724994386	Prostate
0.83037	174.1	500	Prostate
1.4416	135.6	274.890887444455	Prostate
1.40641	172.8	204.2914584607	Prostate
1.93417	167.3	137.807837222707	Prostate
0.80397	144.9	191.924464308227	Prostate
1.45545	140.4	287.266426858413	Prostate
0.75237	166.4	362.547927866096	Prostate
1.35891	163.3	146.342065039414	Prostate
1.57506	110.5	106.437775249204	Prostate
1.58565	145.9	108.715224324839	Prostate
0.76313	149.7	123.211200789539	Prostate
1.05944	217.2	118.974787245029	Prostate
1.11151	130.2	124.543165207891	Prostate
1.48497	149.6	138.401589586247	Prostate
1.15273	177.6	135.432640083549	Prostate
0.72524	135.7	329.674081480483	Prostate
0.82288	142.6	186.909068800848	Prostate
1.27387	150.1	142.035206903077	Prostate
0.42658	183.5	193.416648714634	Prostate
0.92709	138.3	103.169763012231	Prostate
0.68787	166.5	143.450339839263	Prostate
1.0906	131.6	117.349904132896	Prostate
1.16248	172.8	253.542895778998	Prostate
1.05983	182.4	283.473102780493	Prostate
0.73941	179.6	108.148046676766	Prostate
1.25059	190.3	109.055031979272	Prostate
0.99844	200.7	272.893752218698	Prostate
1.55282	140.3	260.443851914381	Prostate
0.86015	166.1	129.123971438304	Prostate
1.60127	115.3	100.244700608062	Prostate
1.29116	140.3	236.042369078096	Prostate
1.09585	146.3	137.247950804374	Prostate
1.09651	156.7	309.51898164733	Prostate
1.65706	157.7	125.275695966935	Prostate
1.39823	148	189.921036222952	Prostate
1.16545	151	101.128630960772	Prostate
1.73005	121.4	186.026879778165	Prostate
0.9978	184.6	359.655390617185	Prostate
1.24885	164.1	154.861228201251	Prostate
0.65514	138.8	500	Prostate
1.64554	172	203.123115375872	Prostate
1.75552	87	212.816822643324	Prostate
1.50769	125.6	126.9094165143	Prostate
1.45403	139.9	185.744448100071	Prostate
1.46328	142.4	500	Prostate
1.48879	131.5	229.034931833552	Prostate
1.63461	147.5	500	Prostate
1.1099	130.3	247.753910160869	Prostate
2.133	127.9	119.117588961496	Prostate
1.30869	126.4	212.235718011837	Prostate
1.23261	141.9	417.949757746072	Prostate
1.01084	148.6	227.283963358614	Prostate
1.84299	123.1	187.701891306401	Prostate
1.12207	124.6	235.607724830915	Prostate
2.05568	117.4	139.323364874668	Prostate
2.16274	207.2	135.436331905438	Prostate
1.32874	131.5	158.16447135814	Prostate
1.47471	101.8	249.595673039418	Prostate
1.26037	130.5	100.772019926168	Prostate
2.03226	151.4	202.953196574974	Prostate
1.23935	175.6	134.231143927183	Prostate
1.69457	139.3	299.846627461441	Prostate
2.05931	118.6	173.568430309201	Prostate
2.04993	160.7	359.571967761671	Prostate
1.47006	132.1	115.195486022674	Prostate
1.61397	153.4	134.454453254624	Prostate
2.39819	163.1	173.144448366097	Prostate
1.9708	138.1	130.042300810159	Prostate
1.51823	156.3	257.21975040809	Prostate
1.17598	118.3	129.387016350173	Prostate
0.1047	184.8	279.558580623096	Prostate
0.12243	136.8	500	Prostate
0.0806	155	188.759105740624	Prostate
0.12409	122.6	208.710325571113	Prostate
0.07516	163.9	250.557378658063	Prostate
1.00498	143.9	138.499097469984	Prostate
0.14325	111.3	145.385693931693	Prostate
1.09946	167.5	339.657180109592	Prostate
0.26616	121.2	316.85801236516	Prostate
0.36833	150.8	142.867071083578	Prostate
0.52203	156.8	425.756972931742	Prostate
0.80805	131.7	137.873130087048	Prostate
0.43704	136.6	275.183575091247	Prostate
1.31484	122.7	252.537125983488	Prostate
0.17643	159.4	500	Prostate
0.10697	155.3	210.900450449969	Prostate
0.14357	137.5	321.043610744709	Prostate
0.75439	165.5	177.806074136965	Prostate
0.08907	166.7	500	Prostate
0.30439	184.9	104.857045542968	Prostate
0.07789	133	500	Prostate
0.10471	173.7	249.759884689275	Prostate
0.17886	111.1	157.702251093635	Prostate
0.31283	142.9	265.608734796128	Prostate
0.95034	159.7	156.620560591514	Prostate
0.27752	155	154.243314279744	Prostate
0.07951	128.2	500	Prostate
0.08127	126.6	291.533874532618	Prostate
1.38951	175.8	206.748639656952	Prostate
1.43827	173.6	302.309444113147	Prostate
1.86423	148.5	142.90556322271	Prostate
1.41133	195.6	488.870125902575	Prostate
1.80322	194	119.879105769104	Prostate
1.87928	106.2	104.211323760904	Prostate
1.43217	157.3	109.238271681678	Prostate
1.86774	184	183.790641763937	Prostate
1.58687	118.2	111.377735656638	Prostate
1.38006	172.9	500	Prostate
1.98589	157.8	150.874119715742	Prostate
1.8541	201.9	137.266164804004	Prostate
2.16598	175.9	172.441294358399	Prostate
1.4913	197.2	201.829135656872	Prostate
1.72981	156.6	158.820653568735	Prostate
1.47365	150.3	500	Prostate
1.92202	164.7	123.349098091555	Prostate
1.00458	177.2	300.589420971531	Prostate
1.38761	151.6	443.320425877265	Prostate
0.37034	152.3	128.171759760097	Prostate
0.37187	133.7	143.356199726416	Prostate
0.1679	142.7	377.458607002145	Prostate
0.48124	194.5	258.10075552001	Prostate
0.14544	152.8	256.353271873015	Prostate
0.08758	115.8	500	Prostate
0.08174	127.4	304.873744359858	Prostate
0.36223	217.5	180.563008393192	Prostate
0.15124	162.3	222.141846575561	Prostate
0.3723	165.2	273.309348541172	Prostate
0.06532	153.6	259.218054926735	Prostate
0.05718	150	267.503271008038	Prostate
0.04286	169.5	161.099348229594	Prostate
0.09375	158.3	500	Prostate
0.07513	166.2	481.631601953194	Prostate
0.63657	141.4	182.652675863235	Prostate
0.49813	137.4	138.423263940712	Prostate
0.19497	105.1	261.916017074176	Prostate
0.6689	157	100.915806492343	Prostate
0.07554	156	222.272355456094	Prostate
0.63894	169.8	198.907013451009	Prostate
0.0765	110.3	150.439356552732	Prostate
0.8434	130.2	108.314357312408	Prostate
0.10884	181.1	500	Prostate
0.05858	194.8	128.922457314465	Prostate
0.12677	173.8	325.339822339658	Prostate
0.10887	156.8	500	Prostate
0.63886	155.5	500	Prostate
0.72001	129.5	200.164931993594	Prostate
0.0679	143.4	455.362492965769	Prostate
0.29391	172.9	234.90423580685	Prostate
0.09604	188.8	408.428696347355	Prostate
0.34955	136.2	471.784908618324	Prostate
1.34189	144.8	107.056060080689	Prostate
1.38626	140.4	186.866262337534	Prostate
2.14516	180.2	125.055987461617	Prostate
1.55684	190.2	109.781601372908	Prostate
1.74152	133.9	191.436673602526	Prostate
1.29468	138.9	111.973211081937	Prostate
1.84803	190.9	285.669389329694	Prostate
2.03552	202	120.718681238655	Prostate
1.6222	133.6	257.939915484207	Prostate
1.6262	177.8	160.580198032011	Prostate
1.28398	192	162.972390299707	Prostate
1.95832	150.3	193.940712590214	Prostate
2.12341	206.5	135.096261976414	Prostate
2.11772	126.1	140.506227619988	Prostate
