fips	Elevation	Incidence	weight	Cancer
04003	0.270985170817456	-6.68235606557683	343.154484161289	Lung
04007	-0.175808977005715	-8.19575563799429	226.572284271488	Lung
04009	0.132853989032565	-1.47647894968134	183	Lung
04012	-1.28089333974941	7.88688192150372	140.410113595852	Lung
04013	-0.54436791312536	12.9633357622267	500	Lung
04015	-0.501902717426495	9.57102288173992	393.741031643897	Lung
04019	-0.473452431168056	-1.75048441079477	500	Lung
04021	-0.605746526665879	-4.53017109309884	423.94221304324	Lung
04023	-0.292835985349998	6.89865680777501	195.910693939866	Lung
04025	0.124846737215546	-7.66328687583939	409.28840687222	Lung
04027	-1.2376958842632	13.0013550829623	400.032498679795	Lung
06001	-0.0683187199087125	-3.7373246823286	500	Lung
06005	0.121129496984624	-17.0613322874209	187.349939951952	Lung
06007	-0.423148220662331	5.45495114690797	450.744938962159	Lung
06009	-0.39100462170434	-10.7404207298045	201.380237362061	Lung
06011	-1.19942718982887	22.1520002108848	137.127677731376	Lung
06013	-0.213287618042199	-2.75983416655391	500	Lung
06015	-0.348020731864765	8.31722527562205	165.852343968965	Lung
06017	0.325399970742011	0.974846762784371	397.717236237003	Lung
06019	-0.394270597811254	5.31191005398356	500	Lung
06021	-0.595847730698246	22.8355676491232	162.643782543324	Lung
06023	-0.458382197059194	-1.54102362923826	357.523425805918	Lung
06025	-0.695866429390078	1.16230922593583	377.307566846996	Lung
06027	0.869336004962043	8.68481647010016	133.958948935859	Lung
06029	-0.0999495286444993	0.652057692310207	500	Lung
06031	-0.174037093640311	-6.60596167754847	359.806892652156	Lung
06033	-0.0598812300166839	8.87787564086526	241.472565729525	Lung
06035	0.942402247639602	-14.6092169980339	183.92389730538	Lung
06037	-0.167121914126171	-3.85880194736984	500	Lung
06039	-0.222670266453233	-0.888087608690949	350.868921393731	Lung
06041	-0.631256925184858	-3.54218513946905	498.236891448235	Lung
06043	-0.147151428336793	4.68647233943784	130.881625906771	Lung
06045	-0.364233317912787	-2.91562391446815	293.709039697453	Lung
06047	-0.627482416502513	6.67677494219618	458.861634918414	Lung
06053	-0.54361383180696	2.21284692004306	500	Lung
06055	-0.490822904392645	8.67616183861333	352.53226802663	Lung
06057	-0.0594918351459265	-5.99486208493688	303.369411773831	Lung
06059	-0.880266967687719	11.2860830521698	500	Lung
06061	-0.596421670569677	1.79861422341706	498.396428558632	Lung
06063	0.433553245970872	-6.13166039998396	144.30523206038	Lung
06065	-0.090003308469594	-4.85146094866988	500	Lung
06067	-0.174679347507125	-0.271326350953118	500	Lung
06069	-0.466057834824877	-8.83134285305653	230.724944468516	Lung
06071	0.344783566655201	-1.79081661478178	500	Lung
06073	-0.401033872661017	4.28683135358895	500	Lung
06075	-0.794328383408249	6.33097088903959	500	Lung
06077	-0.36876502406539	3.39109311017485	500	Lung
06079	-0.538093816367626	-3.10642768060524	497.588183139431	Lung
06081	-0.733260154097046	5.36735872194348	500	Lung
06083	-0.567140303895586	1.56677941883922	500	Lung
06085	-0.899345184933441	9.79076210047226	500	Lung
06087	-0.711366433359946	-3.6274758132192	500	Lung
06089	-0.379142877949846	6.77823607554379	404.049501917772	Lung
06093	0.315404233677706	11.3654139780842	210.478027356777	Lung
06095	0.372730544427242	-5.7983844902057	500	Lung
06097	-0.572391713499357	-0.052142025555756	500	Lung
06099	-0.558067424272053	5.5382919861236	500	Lung
06101	-1.00533560895199	11.1396485990279	280.944834442636	Lung
06103	-0.352532494362869	20.5970593689149	236.725579521944	Lung
06105	-0.369266694808804	8.91384901817931	114.113978109608	Lung
06107	-0.658561306065209	5.77124217596943	500	Lung
06109	0.577822553451486	-11.5767754289604	233.454492353435	Lung
06111	-0.552216446411967	2.48996728369668	500	Lung
06113	-0.847063822992858	21.5886983061023	410.682359007542	Lung
06115	-0.479221608400016	29.3406635376683	245.395598982541	Lung
08001	0.807036697249864	2.61477638962482	500	Lung
08003	1.33876298175087	-22.0481827551531	122.335603975294	Lung
08005	0.980786524505365	-0.094992762781328	500	Lung
08013	0.389970351299831	2.8186553344883	500	Lung
08015	1.52879969005933	-18.7401254221846	127.444105395267	Lung
08029	0.744808970910376	-2.35373202351309	166.83524807426	Lung
08031	1.28004987120305	-6.41713274361676	500	Lung
08041	1.47418003953585	-12.6885566404798	500	Lung
08043	1.30933818993642	-7.69061249253191	214.813872922584	Lung
08045	1.03535928001149	-1.436422917816	209.262992428188	Lung
08049	1.53455839019977	-12.5458049397009	111.543713404208	Lung
08051	1.09940742240905	-1.22143350419705	118.135515404979	Lung
08059	0.607730863425092	0.149702236719712	500	Lung
08067	1.05928963130273	-2.84388579906417	212.087246198351	Lung
08069	0.417774782721072	-5.40814643899903	500	Lung
08071	0.542234818831073	3.77101116431371	123.316665540388	Lung
08075	0.765745263168278	-8.28947547690915	143.19217855735	Lung
08077	0.480370527756472	0.492463551604975	340.961874701557	Lung
08081	1.33090939919171	-9.07547014653418	114.821600755259	Lung
08083	1.00705573750061	-2.47140032611685	154.369686143362	Lung
08085	0.87090146603559	4.33396619839023	182.84419597023	Lung
08087	0.464027013854441	-3.24005870896247	164.836282413794	Lung
08089	0.502648586741346	-7.415742027466	142.516665692122	Lung
08097	1.43477113459202	-2.80817357261149	121.950809755409	Lung
08099	0.104510616736885	-4.93729093569145	120.345336428131	Lung
08101	0.925307347589821	-11.352935706606	376.127637910324	Lung
08105	1.5722683295741	-17.5273172027827	111.413643688733	Lung
08107	1.01465342022719	10.5646267915637	142.80406156689	Lung
08123	0.439386112694719	8.62551383920665	425.365724994386	Lung
16001	0.0401037174956736	4.97459796098629	500	Lung
16005	0.258822015159292	-6.733238241722	274.890887444455	Lung
16011	0.637730903997097	-7.43729310190624	204.2914584607	Lung
16013	0.695671000741642	-8.21634461033776	137.807837222707	Lung
16017	0.0454544546387814	-13.0708315367675	191.924464308227	Lung
16019	0.523896946198335	-14.3865476013618	287.266426858413	Lung
16027	0.141498214945007	-5.10652362853119	362.547927866096	Lung
16031	0.0662488106217188	-4.10017593191504	146.342065039414	Lung
16043	0.697436110443972	-32.884459070548	108.715224324839	Lung
16045	0.142644805531729	3.46280476150623	123.211200789539	Lung
16047	0.636946101178041	3.38752908988187	118.974787245029	Lung
16049	0.00627768129350035	-8.80745216332653	124.543165207891	Lung
16051	0.827679124120582	-13.4279601232614	138.401589586247	Lung
16053	0.697886359879598	0.320623158435581	135.432640083549	Lung
16055	0.0154802952113527	-8.48350519468989	329.674081480483	Lung
16057	-0.590717651419559	-0.512073293307317	186.909068800848	Lung
16067	0.488360268323358	-18.1856201083936	142.035206903077	Lung
16069	-0.387959804755865	2.59039139399419	193.416648714634	Lung
16073	0.225031684321021	12.7415748357413	103.169763012231	Lung
16075	-0.0281655133931437	6.56006742555464	143.450339839263	Lung
16079	0.357832051505881	13.3078846745704	117.349904132896	Lung
16083	0.599654548263493	-7.00073151191788	253.542895778998	Lung
30013	0.209811772942294	11.0783878506314	283.473102780493	Lung
30017	0.387234320685878	6.24632872843769	108.148046676766	Lung
30027	0.925271397008917	-4.21034744975632	109.055031979272	Lung
30029	0.328315648241087	-4.26623408588308	272.893752218698	Lung
30031	0.214128403941248	3.79978623802274	260.443851914381	Lung
30041	0.0735924353223793	11.7871433678253	129.123971438304	Lung
30043	0.232065428189528	44.4828688577875	100.244700608062	Lung
30049	0.193686349029786	16.4945949085721	236.042369078096	Lung
30053	0.212592515140262	9.81934216527446	137.247950804374	Lung
30063	-0.148831130142697	12.2560347811898	309.51898164733	Lung
30067	0.695247214147439	-8.53968619461816	125.275695966935	Lung
30081	0.194493602435885	-9.43199214244093	189.921036222952	Lung
30089	0.388684675825027	-15.5152525916717	101.128630960772	Lung
30093	0.556134817088784	-5.06695145979717	186.026879778165	Lung
30111	0.415907056372392	7.520842605108	359.655390617185	Lung
32001	0.636862621889332	16.0331214657644	154.861228201251	Lung
32003	0.391870649318141	1.49167345869709	500	Lung
32005	0.529197265740229	-0.171134670634213	203.123115375872	Lung
32007	0.424451992579631	14.5572836897407	212.816822643324	Lung
32013	0.474690388661078	7.44759212605804	126.9094165143	Lung
32019	0.75525353830555	2.51995042159285	185.744448100071	Lung
32031	0.499380037257731	6.89232156192048	500	Lung
35001	0.769183274049987	-10.0015607214682	500	Lung
35005	0.358067271513551	6.06929497210096	247.753910160869	Lung
35007	0.780574661406855	-15.6998668750406	119.117588961496	Lung
35009	0.620693616968484	2.12929920712634	212.235718011837	Lung
35013	0.170146791974445	3.7603441472478	417.949757746072	Lung
35015	0.274553942677864	1.72612229211925	227.283963358614	Lung
35017	0.660596886529153	-7.10963341638751	187.701891306401	Lung
35025	0.404143085749168	6.36862659112749	235.607724830915	Lung
35027	0.603089979286079	-11.7623408865104	139.323364874668	Lung
35028	0.852415475925152	-8.74614771755435	135.436331905438	Lung
35029	0.434311493737174	4.3556441698331	158.16447135814	Lung
35035	0.595095522917408	-0.436666741999135	249.595673039418	Lung
35037	0.478583282440885	25.4922645158094	100.772019926168	Lung
35039	0.779557551668078	-29.4226389831435	202.953196574974	Lung
35041	0.593986189630096	17.3334486591624	134.231143927183	Lung
35043	0.921648383038296	-9.75045781689075	299.846627461441	Lung
35047	0.738816525322968	-6.53870552205087	173.568430309201	Lung
35049	0.879532235118181	-5.88297207858227	359.571967761671	Lung
35051	0.625804738886841	-4.5309170039938	115.195486022674	Lung
35053	0.708103667626311	1.60459554754409	134.454453254624	Lung
35055	1.19583968625568	-13.3087810701352	173.144448366097	Lung
35057	1.13501054895845	-2.73502870406509	130.042300810159	Lung
35061	0.810952971903639	-0.141117626450889	257.21975040809	Lung
41001	0.0133405377626401	2.95026851487296	129.387016350173	Lung
41003	-0.806520125707263	17.3145940708192	279.558580623096	Lung
41005	-0.786286787477349	0.795827434394701	500	Lung
41007	-0.678510512981927	8.04067413787052	188.759105740624	Lung
41009	-0.611495334712347	12.4733489125124	208.710325571113	Lung
41011	-0.775206638848125	6.17879570325949	250.557378658063	Lung
41013	0.345468775807828	-4.25491936010693	138.499097469984	Lung
41015	-0.738775941223397	2.45534182926206	145.385693931693	Lung
41017	0.306196969138168	-5.75308030354798	339.657180109592	Lung
41019	-0.535373136921408	3.13102284489369	316.85801236516	Lung
41027	-0.636677897185742	11.730540393571	142.867071083578	Lung
41029	-0.183763929544757	-2.03675296727137	425.756972931742	Lung
41031	-0.0740698586849819	4.53734903337604	137.873130087048	Lung
41033	-0.284650674892002	1.38854808194993	275.183575091247	Lung
41035	0.445706554283807	3.62705387756171	252.537125983488	Lung
41039	-0.75146214045045	3.83339173373545	500	Lung
41041	-0.751828081961215	2.94190878126927	210.900450449969	Lung
41043	-0.621517240555604	1.79593428525063	321.043610744709	Lung
41045	-0.117708784424362	0.268040109779468	177.806074136965	Lung
41047	-0.506715268098276	0.353677268144794	500	Lung
41049	-0.528161535089045	7.6878084361217	104.857045542968	Lung
41051	-0.48733627724458	10.3765944370214	500	Lung
41053	-0.708926845812478	1.40657398387898	249.759884689275	Lung
41057	-0.899413963774359	7.45288536110353	157.702251093635	Lung
41059	-0.386190489430345	-7.43310297311393	265.608734796128	Lung
41061	0.317509172043104	-13.7600469430819	156.620560591514	Lung
41065	-0.588793944858292	21.9174176669433	154.243314279744	Lung
41067	-0.971865801535101	7.38792900799785	500	Lung
41071	-0.611038720525602	7.35057058180601	291.533874532618	Lung
49003	0.43692045443945	-18.1835298539097	206.748639656952	Lung
49005	0.523902041727224	-12.8526386909548	302.309444113147	Lung
49007	0.939526051518041	-21.9876970913978	142.90556322271	Lung
49011	0.514969363301663	-14.7099003250155	488.870125902575	Lung
49013	1.4016612131568	-17.5870760578093	119.879105769104	Lung
49019	0.0567893261354042	-12.2042798048901	109.238271681678	Lung
49021	1.01114659935003	-10.4774892807853	183.790641763937	Lung
49035	0.444651382395817	-8.87299405527762	500	Lung
49039	1.16323183125618	-20.3742381009753	150.874119715742	Lung
49041	1.32064464079558	-18.2844663578203	137.266164804004	Lung
49043	1.17139024005469	-8.85102609075224	172.441294358399	Lung
49045	0.942484943175114	-13.0063561018152	201.829135656872	Lung
49047	0.534118303453952	-6.93789265804914	158.820653568735	Lung
49049	0.212395602761894	-2.04625627747612	500	Lung
49051	0.771832639552092	-5.9845010686422	123.349098091555	Lung
49053	-0.0489823117350306	-14.3818171699248	300.589420971531	Lung
49057	0.405190308870791	-16.4418477337347	443.320425877265	Lung
53001	-0.627035060425073	1.9972002429858	128.171759760097	Lung
53003	-1.08962627308238	8.98451413374935	143.356199726416	Lung
53005	-0.690167644251959	10.1410834096012	377.458607002145	Lung
53007	-0.305466593438421	-5.70021188903009	258.10075552001	Lung
53009	-0.492935778710598	-5.70839185904213	256.353271873015	Lung
53011	-0.88024869106477	-3.0621322274387	500	Lung
53015	-0.48538079656227	9.09187079723427	304.873744359858	Lung
53017	-0.110120563834438	-9.9448309220899	180.563008393192	Lung
53021	-0.46112708950799	13.222934124167	222.141846575561	Lung
53025	-0.452887742829011	2.72464318737883	273.309348541172	Lung
53027	-0.370097766748214	20.2083160530014	259.218054926735	Lung
53029	-0.632775656985546	-8.51410919463992	267.503271008038	Lung
53031	-0.733707803419715	-2.55486229658282	161.099348229594	Lung
53033	-0.449672906190975	4.61716940734882	500	Lung
53035	-0.40573867347133	-3.4415830480533	481.631601953194	Lung
53037	-0.689038138188658	3.79945727634415	182.652675863235	Lung
53039	-1.10887231683386	-9.40586272668755	138.423263940712	Lung
53041	-0.653294612271446	1.11515860233333	261.916017074176	Lung
53043	-0.662950973634259	21.4896012984279	100.915806492343	Lung
53045	-0.128975522735156	1.41791477612232	222.272355456094	Lung
53047	-0.198951625636483	-5.15827448085844	198.907013451009	Lung
53049	-1.32329532494695	5.7905032176129	150.439356552732	Lung
53051	-0.00459354955147265	-5.02470299150666	108.314357312408	Lung
53053	0.163595564862946	3.41867846507559	500	Lung
53057	-0.370293613351475	3.22825539759827	325.339822339658	Lung
53061	-0.316502099960662	9.06080274986545	500	Lung
53063	-0.189013723746304	2.79814889088815	500	Lung
53065	-0.349429667544514	-2.8196949924789	200.164931993594	Lung
53067	-0.431269693234047	2.74061790979958	455.362492965769	Lung
53071	-0.260359802340101	-6.81889503342229	234.90423580685	Lung
53073	-0.298464468100711	-5.02179836801768	408.428696347355	Lung
53077	-0.459728082613217	7.94355405569749	471.784908618324	Lung
56003	0.250361112938094	-4.35609125934568	107.056060080689	Lung
56005	0.524893993888606	11.8402736777599	186.866262337534	Lung
56007	1.20715690349362	-6.88996154445112	125.055987461617	Lung
56009	1.20828955084178	-1.27919851785367	109.781601372908	Lung
56013	0.65625381462312	-15.8338369778702	191.436673602526	Lung
56015	0.580550777538222	-11.9062459471856	111.973211081937	Lung
56021	1.38557371526415	-1.07563674586999	285.669389329694	Lung
56023	1.14562368480285	-36.3733579501871	120.718681238655	Lung
56025	0.79402159187217	-1.20028663479737	257.939915484207	Lung
56029	0.745022289804366	-16.0441378295022	160.580198032011	Lung
56033	0.624106007114408	-8.13917012136053	162.972390299707	Lung
56037	1.04646448548604	-21.9720262865516	193.940712590214	Lung
56039	1.01265935646548	-7.15332443939251	135.096261976414	Lung
56041	0.552470635759777	-17.3648797287793	140.506227619988	Lung
04003	0.185241215455283	-11.8826245402001	343.154484161289	Breast
04007	-0.162704359842707	-6.22052748688615	226.572284271488	Breast
04009	0.370483920659529	0.487630065314499	183	Breast
04012	-1.19199496016156	-48.4464456192456	140.410113595852	Breast
04013	-0.432208401749495	-4.20145000066195	500	Breast
04015	-0.366870756385001	-13.5004778130299	393.741031643897	Breast
04019	-0.244841100129238	-11.984502213268	500	Breast
04021	-0.248640404800993	-8.25128411329395	423.94221304324	Breast
04023	-0.425247328559645	-9.55672037222129	195.910693939866	Breast
04025	0.167181661675666	-0.779855792150686	409.28840687222	Breast
04027	-1.09426204709732	6.81977359381974	400.032498679795	Breast
06001	-0.219799796965128	1.61317135227978	500	Breast
06007	-0.430473951295831	14.056042052778	450.744938962159	Breast
06013	-0.300185642118408	4.0124391093919	500	Breast
06017	0.520694375570139	-6.53056696381988	397.717236237003	Breast
06019	-0.0899797330256731	-1.87805776203485	500	Breast
06023	-0.717480296278328	-3.4268748186261	357.523425805918	Breast
06025	-0.548576464738515	10.0533717610682	377.307566846996	Breast
06029	0.0568062071070722	3.69494982407639	500	Breast
06031	-0.0549923040869012	5.60736930782431	359.806892652156	Breast
06033	-0.321988042025612	-11.1983258427067	241.472565729525	Breast
06037	-0.12108867681829	2.00692672244195	500	Breast
06039	-0.0432157500908904	-1.37115552094941	350.868921393731	Breast
06041	-0.693198545162628	2.62875957233007	498.236891448235	Breast
06047	-0.142219291997588	-2.4856931877384	458.861634918414	Breast
06053	-0.176580095320842	-4.35924926841897	500	Breast
06055	-0.188690023925691	-11.3172000941487	352.53226802663	Breast
06057	-0.254139758900153	19.5776657087222	303.369411773831	Breast
06059	-0.327631546659502	-2.80569051937691	500	Breast
06061	-0.446021799680113	10.4180642923286	498.396428558632	Breast
06065	-0.119106214296494	5.03454115464238	500	Breast
06067	-0.287440724118283	3.57885840461404	500	Breast
06071	0.270553342676595	1.37469692942815	500	Breast
06073	-0.348418100037904	2.49585454155506	500	Breast
06075	-0.376708295541581	-15.4422579059311	500	Breast
06077	-0.254697521239092	2.0243692632443	500	Breast
06079	-0.417643601740761	-1.46617579264055	497.588183139431	Breast
06081	-0.203800972909239	1.90029868920252	500	Breast
06083	-0.349369559666615	5.26979007341779	500	Breast
06085	-0.240914817391445	-6.09493065625803	500	Breast
06087	-0.526932573535482	-5.79581105394181	500	Breast
06089	-0.344250344017564	-0.851858335727512	404.049501917772	Breast
06093	-0.0894738022515577	-0.96431649475638	210.478027356777	Breast
06095	0.126989650111328	-0.760960160517536	500	Breast
06097	-0.399750964024084	13.0822819117204	500	Breast
06099	-0.295527010254411	-0.0821822297049685	500	Breast
06103	-0.561591543148803	3.36465872369936	236.725579521944	Breast
06107	-0.0935142139498883	-2.68532317112986	500	Breast
06109	0.335898335544039	38.3096759022631	233.454492353435	Breast
06111	-0.0814364475558172	6.1775323058041	500	Breast
06113	-0.412901768953336	1.45901599402434	410.682359007542	Breast
06115	0.0422129855958011	-9.37224374559959	245.395598982541	Breast
08001	1.15818358243855	-2.46258072695763	500	Breast
08003	1.14021122726589	-4.35984089610419	122.335603975294	Breast
08005	0.756453569744202	-2.33163349861004	500	Breast
08013	0.421450674272389	-1.13714382392785	500	Breast
08015	1.12298277212976	-17.0959930026955	127.444105395267	Breast
08029	0.246307785800369	-0.509367538962766	166.83524807426	Breast
08031	0.946717472440166	7.20792562389485	500	Breast
08041	1.24652169814403	-6.49257511067988	500	Breast
08043	0.799531465057954	4.47166463996227	214.813872922584	Breast
08045	0.567529960692887	22.2668882381217	209.262992428188	Breast
08051	0.785276005745681	-11.7201790300016	118.135515404979	Breast
08059	0.691066027181313	2.9147718640925	500	Breast
08067	0.742673131575466	0.420640470491502	212.087246198351	Breast
08069	0.311215520072081	-2.45470170193712	500	Breast
08071	0.756530948694538	-48.1941420055347	123.316665540388	Breast
08075	0.505720148726454	14.6483132614634	143.19217855735	Breast
08077	0.387390953028213	8.78144335917067	340.961874701557	Breast
08081	1.36479771103408	-9.18798110510952	114.821600755259	Breast
08083	0.885708209212259	-10.2300124357538	154.369686143362	Breast
08085	0.534166500830805	25.0987355619127	182.84419597023	Breast
08087	0.068733809601688	2.81350038989822	164.836282413794	Breast
08089	0.185090011000792	-15.6259144712533	142.516665692122	Breast
08097	1.14676678982426	-15.878681127831	121.950809755409	Breast
08099	0.236631379919379	-7.52647474427401	120.345336428131	Breast
08101	0.672830341868512	14.1787743117683	376.127637910324	Breast
08105	1.21075123518964	14.3667890053159	111.413643688733	Breast
08107	0.762041428089901	-1.01165309855103	142.80406156689	Breast
08123	0.838507683642601	-14.5678164533466	425.365724994386	Breast
16001	0.0360209826680864	-5.48423120513472	500	Breast
16005	0.229349535912459	-4.44356640513198	274.890887444455	Breast
16011	0.243705369719908	0.150393874587017	204.2914584607	Breast
16013	0.381072503422985	-11.5345903285265	137.807837222707	Breast
16017	-0.347792653328333	3.6788803532171	191.924464308227	Breast
16019	0.428255421966245	-8.86387004827688	287.266426858413	Breast
16027	0.347204256705763	-7.16932440271214	362.547927866096	Breast
16031	-0.779413598109264	-6.52642385386986	146.342065039414	Breast
16041	0.0651306647574271	18.5575358308093	106.437775249204	Breast
16043	0.280592296308519	21.4312247019341	108.715224324839	Breast
16045	0.378766524497928	8.68877369261297	123.211200789539	Breast
16047	0.30508119648599	10.3022466336264	118.974787245029	Breast
16049	-0.185917818896751	-25.8797964024426	124.543165207891	Breast
16051	0.390710839595405	1.00971316680032	138.401589586247	Breast
16053	0.403831942229224	6.11002843729226	135.432640083549	Breast
16055	0.4060385099002	-5.25737424658315	329.674081480483	Breast
16057	-1.23697850150797	8.55014142326591	186.909068800848	Breast
16067	0.0607264707002884	24.842788767513	142.035206903077	Breast
16069	-0.433369560484093	10.5437809717133	193.416648714634	Breast
16073	1.20189609775117	-44.8240172339422	103.169763012231	Breast
16075	-0.341339516671236	27.8152123752588	143.450339839263	Breast
16079	0.751109118288739	-26.8515873426553	117.349904132896	Breast
16083	0.155099261607805	17.7141887560677	253.542895778998	Breast
30013	0.254006542308247	2.06839863451104	283.473102780493	Breast
30017	0.63086861434574	-19.3311981552289	108.148046676766	Breast
30027	0.456685932028188	-12.4797322008177	109.055031979272	Breast
30029	-0.260149893304149	16.2104150840608	272.893752218698	Breast
30031	-0.048622232507589	17.8022751745262	260.443851914381	Breast
30041	0.614513665547957	-41.8939182088347	129.123971438304	Breast
30043	0.392314937757661	-23.0259627151854	100.244700608062	Breast
30049	0.287048782082226	-1.39597782238052	236.042369078096	Breast
30053	0.417660514183594	-4.46991086301816	137.247950804374	Breast
30063	-0.343171429542988	8.31484036265138	309.51898164733	Breast
30067	0.251805749473143	9.76126296434951	125.275695966935	Breast
30081	-0.384110643018274	11.9693857510069	189.921036222952	Breast
30089	0.0738259268968755	14.3267090458009	101.128630960772	Breast
30093	0.225277102470774	-0.529347409221894	186.026879778165	Breast
30111	0.679668242032725	-22.3771102284502	359.655390617185	Breast
32001	0.608124926733137	-19.1392003357719	154.861228201251	Breast
32003	0.398027219865326	-8.63387219689563	500	Breast
32005	0.299230701302382	-6.9537102851996	203.123115375872	Breast
32007	0.530735538873287	-8.80990483672934	212.816822643324	Breast
32013	0.0519848825047949	11.2275890879785	126.9094165143	Breast
32019	0.663905547635207	0.153299465286928	185.744448100071	Breast
32031	0.811925383790572	-2.25630357219653	500	Breast
35001	0.854035332452796	-0.34261208418702	500	Breast
35005	0.216870261453602	10.6020470101461	247.753910160869	Breast
35007	0.507833052375374	-29.4502426397316	119.117588961496	Breast
35009	0.4442899797151	-9.04280106416	212.235718011837	Breast
35013	0.185105472684193	-1.09157562103008	417.949757746072	Breast
35015	0.115575091384532	7.20399827010276	227.283963358614	Breast
35017	0.483130017622403	7.73752658076097	187.701891306401	Breast
35025	0.408528403756172	-16.4127150420386	235.607724830915	Breast
35027	-0.000548854637817752	0.863898352110644	139.323364874668	Breast
35028	0.698031371665445	4.10039483382522	135.436331905438	Breast
35029	0.146586410209681	-5.74865961090967	158.16447135814	Breast
35035	0.382095792756376	-3.76584581743536	249.595673039418	Breast
35037	0.274471110849146	-20.5735534992624	100.772019926168	Breast
35039	0.780180581763974	-3.03455758164947	202.953196574974	Breast
35041	0.206517695054306	-23.6958914853907	134.231143927183	Breast
35043	1.36179760041838	4.30696603878273	299.846627461441	Breast
35047	0.729967612607868	1.80632247340841	173.568430309201	Breast
35049	1.00167467012281	12.2080312400468	359.571967761671	Breast
35051	-0.0217474089251812	-1.08493363403817	115.195486022674	Breast
35053	0.733131821340947	-7.34636760867202	134.454453254624	Breast
35055	0.737830409500066	38.899703424894	173.144448366097	Breast
35057	1.01186410441997	25.1491793128473	130.042300810159	Breast
35061	1.0650725802785	-1.26767903803864	257.21975040809	Breast
41001	-0.124309771204018	-5.25706402736621	129.387016350173	Breast
41003	-0.605386764386656	-3.65139380351579	279.558580623096	Breast
41005	-0.519414197981701	1.30720698644692	500	Breast
41007	-1.03643088071794	11.1577269976297	188.759105740624	Breast
41009	-0.286726916377648	7.85743854232972	208.710325571113	Breast
41011	-0.905273639637799	0.877290151390433	250.557378658063	Breast
41013	0.189279193014666	-0.33619304870124	138.499097469984	Breast
41015	-0.930348575613906	7.59143741520298	145.385693931693	Breast
41017	0.48013684225856	-6.04949017870836	339.657180109592	Breast
41019	-0.544845970191481	-0.442820288588239	316.85801236516	Breast
41027	-0.723946847481758	18.384507105276	142.867071083578	Breast
41029	-0.00761297046478404	-3.63924023620758	425.756972931742	Breast
41031	0.19388624004973	16.1272513743427	137.873130087048	Breast
41033	-0.429217163666708	6.21451117878111	275.183575091247	Breast
41035	0.502620209258516	-6.4254277195659	252.537125983488	Breast
41039	-0.750562520761906	8.0838183991303	500	Breast
41041	-0.880183381497025	-5.57429219830204	210.900450449969	Breast
41043	-0.60594755572683	7.71561500018356	321.043610744709	Breast
41045	-0.360643690979309	10.0108111404368	177.806074136965	Breast
41047	-0.237105260308308	1.13907773081231	500	Breast
41049	-0.673287714486923	11.8868388809604	104.857045542968	Breast
41051	-0.354555032219129	4.04963366124295	500	Breast
41053	-0.669427737903422	2.2330511473385	249.759884689275	Breast
41057	-0.805353681261703	11.2288691221775	157.702251093635	Breast
41059	-0.601637360279646	19.439645416524	265.608734796128	Breast
41061	-0.0976531954948427	5.43643640153391	156.620560591514	Breast
41065	-0.536503458216389	9.4526561139529	154.243314279744	Breast
41067	-0.619682091785742	4.54901067940021	500	Breast
41071	-0.453640308938637	16.2981932951326	291.533874532618	Breast
49003	-0.0624494911407893	14.0830480721488	206.748639656952	Breast
49005	0.0745371781938986	1.56686658851188	302.309444113147	Breast
49007	0.724233129354158	-12.0409325616969	142.90556322271	Breast
49011	0.098209099105243	-9.75684027130171	488.870125902575	Breast
49013	0.757910280930209	-13.3262941115008	119.879105769104	Breast
49015	0.185580187565667	28.6765535947941	104.211323760904	Breast
49019	-0.287741334563198	-37.8933253123918	109.238271681678	Breast
49021	0.421645294085817	-21.5133097013979	183.790641763937	Breast
49027	-0.00924289115985304	-9.05748227062534	111.377735656638	Breast
49035	0.209174923135001	-2.13125966349683	500	Breast
49039	0.632530773861299	-22.2132024915286	150.874119715742	Breast
49041	0.663343992725561	-22.9882751597054	137.266164804004	Breast
49043	0.690630581858179	4.91705839489654	172.441294358399	Breast
49045	0.7498184586081	-6.20230526304581	201.829135656872	Breast
49047	0.29139788424651	-10.797835667011	158.820653568735	Breast
49049	-0.19091063989326	-8.8933487776292	500	Breast
49051	-0.0345506644809782	-2.566997371597	123.349098091555	Breast
49053	-0.361934089972311	-12.5118603887038	300.589420971531	Breast
49057	0.207223094823487	-9.66992353334144	443.320425877265	Breast
53001	-0.559031340687403	3.71050654886547	128.171759760097	Breast
53003	-1.10109857373174	-12.011087907069	143.356199726416	Breast
53005	-0.454230744723579	5.27585309288902	377.458607002145	Breast
53007	-0.204006831647027	-7.6262011383088	258.10075552001	Breast
53009	-0.750867927793629	10.3939934691245	256.353271873015	Breast
53011	-0.616683891873492	-3.32507588594309	500	Breast
53015	-0.141404426711113	17.0517097915428	304.873744359858	Breast
53017	-0.340510830610239	4.98686378787489	180.563008393192	Breast
53021	-0.105932722579212	-5.06177384388303	222.141846575561	Breast
53025	-0.74983289597412	9.60358299743702	273.309348541172	Breast
53027	-0.212383895620389	-4.88647134617378	259.218054926735	Breast
53029	-1.01126036641992	4.73780645684497	267.503271008038	Breast
53031	-0.963859650233984	5.94309109426098	161.099348229594	Breast
53033	-0.347281358479811	-0.142265452361712	500	Breast
53035	-0.260469385674283	-8.51173371282415	481.631601953194	Breast
53037	-1.16308523292463	15.2012930642626	182.652675863235	Breast
53039	-1.42661626607914	-7.61593198650203	138.423263940712	Breast
53041	-0.553855063577561	-6.45954060949781	261.916017074176	Breast
53043	-0.778685434733895	-52.4886850953004	100.915806492343	Breast
53045	-0.073064322742185	13.1819127815395	222.272355456094	Breast
53047	-0.535844326941378	0.65282148147145	198.907013451009	Breast
53049	-1.12718051593326	-12.1878709707474	150.439356552732	Breast
53051	-0.866768255243395	23.7527779520929	108.314357312408	Breast
53053	0.0196600528519438	2.87957202442519	500	Breast
53055	-1.71273722319927	-1.62334039259805	128.922457314465	Breast
53057	-0.0920782968777368	-2.09852657192088	325.339822339658	Breast
53061	0.00352276779057052	2.79031638455048	500	Breast
53063	-0.218594209240434	2.08078996026292	500	Breast
53065	-0.41653469193367	-1.96696408093933	200.164931993594	Breast
53067	-0.0950172189425575	-3.13276629912009	455.362492965769	Breast
53071	-0.898514093985365	47.4708210509488	234.90423580685	Breast
53073	-0.364082565105903	7.89521196092613	408.428696347355	Breast
53077	-0.12439599719701	16.8533401358603	471.784908618324	Breast
56003	-0.397102867253847	4.02131994977875	107.056060080689	Breast
56005	0.71465101921405	3.13109535646859	186.866262337534	Breast
56007	0.907522348414377	-7.5256438767826	125.055987461617	Breast
56009	1.04338788615136	1.38103194979114	109.781601372908	Breast
56013	0.957817774695001	-24.7000978595859	191.436673602526	Breast
56015	0.453582717657532	-18.7782501003697	111.973211081937	Breast
56021	1.28841201419109	7.24224007315749	285.669389329694	Breast
56023	0.270765073410034	-5.97245055387428	120.718681238655	Breast
56025	0.845039685738038	8.05989449884082	257.939915484207	Breast
56029	0.27144621369039	-2.16906541197784	160.580198032011	Breast
56033	0.301881275641148	-21.2412513975849	162.972390299707	Breast
56037	0.447959581123227	0.999111367759606	193.940712590214	Breast
56039	0.572814919148011	8.81455089803054	135.096261976414	Breast
56041	0.0799846273979032	-20.1577799114169	140.506227619988	Breast
04003	0.0972974492179787	-2.87959917761198	343.154484161289	Colorectal
04007	-0.215303123355937	-4.69594115560021	226.572284271488	Colorectal
04009	-0.0476764171010159	-3.19094167299258	183	Colorectal
04012	-1.3419762974239	-2.29627625429168	140.410113595852	Colorectal
04013	-0.744847116428737	-1.09517467802156	500	Colorectal
04015	-0.384294838621503	0.418612204700125	393.741031643897	Colorectal
04019	-0.623161148170616	-0.531962115652518	500	Colorectal
04021	-0.720097758540365	-2.52138469846001	423.94221304324	Colorectal
04023	-0.632814965820622	0.904136461924614	195.910693939866	Colorectal
04025	0.051258028572229	0.593687152013951	409.28840687222	Colorectal
04027	-1.42283982218769	-5.43148225075147	400.032498679795	Colorectal
06001	0.209682402700425	0.175053501836577	500	Colorectal
06007	-0.237252250270917	-5.00249729932188	450.744938962159	Colorectal
06013	0.146125620691765	0.391211168345963	500	Colorectal
06017	0.253420719401024	4.11455623064026	397.717236237003	Colorectal
06019	-0.476860156910678	-2.63623611110747	500	Colorectal
06023	-0.376989433109053	5.5667414216526	357.523425805918	Colorectal
06025	-0.812737310620246	-3.59550454410228	377.307566846996	Colorectal
06029	-0.152167594302264	-0.598070035211464	500	Colorectal
06031	-0.286755476166948	-0.0901760452061897	359.806892652156	Colorectal
06033	0.637702625153735	1.44270928417142	241.472565729525	Colorectal
06037	-0.239983042941522	2.20096016759055	500	Colorectal
06039	-0.280792539913419	3.18394455231637	350.868921393731	Colorectal
06041	-0.140887183541236	-1.15778525833165	498.236891448235	Colorectal
06047	-0.642485998677771	0.588599161933146	458.861634918414	Colorectal
06053	-0.610496403735549	-6.74121202723059	500	Colorectal
06055	0.0634446290267242	2.21514877072223	352.53226802663	Colorectal
06057	-0.0695516948964059	-2.39463257221659	303.369411773831	Colorectal
06059	-0.763933116773462	1.27736810539122	500	Colorectal
06061	-0.671498429681064	-0.380574981452226	498.396428558632	Colorectal
06065	-0.00825520231042496	-0.37532096036523	500	Colorectal
06067	-0.401336736599792	1.09715602059079	500	Colorectal
06071	0.340793309484765	1.17692851786412	500	Colorectal
06073	-0.627490540261187	0.722242968277558	500	Colorectal
06075	-0.368642631898067	4.79319040506571	500	Colorectal
06077	-0.583849757020342	-1.4616858498666	500	Colorectal
06079	-0.431560454754035	-5.59194851807051	497.588183139431	Colorectal
06081	-0.277617391445762	1.37810689369466	500	Colorectal
06083	-0.581058163193733	-6.27713180607396	500	Colorectal
06085	-0.494454967309759	1.44407311212339	500	Colorectal
06087	-0.683910464111749	-2.78204365659212	500	Colorectal
06089	-0.0933449847525775	-8.34829450795973	404.049501917772	Colorectal
06093	0.608512925142025	-8.49493562328235	210.478027356777	Colorectal
06095	0.674049889242077	-2.40972041102025	500	Colorectal
06097	-0.0642444111627559	-0.61757991528665	500	Colorectal
06099	-0.760353679990847	4.96768010962504	500	Colorectal
06103	-0.0790832194227044	3.4070164756438	236.725579521944	Colorectal
06107	-0.697903428331173	-0.864010121567547	500	Colorectal
06109	0.543843087288228	-1.07889340712481	233.454492353435	Colorectal
06111	-0.617359551243357	3.11772986033592	500	Colorectal
06113	-0.989934895909719	-1.96570369543802	410.682359007542	Colorectal
06115	-0.404006727619063	2.06737180149504	245.395598982541	Colorectal
08001	0.61956663253539	7.6397257354123	500	Colorectal
08003	1.01716484065738	13.9972431818865	122.335603975294	Colorectal
08005	0.708109990068114	-0.0923917722294003	500	Colorectal
08013	0.204283906247809	5.29485393449538	500	Colorectal
08015	1.38434177734935	-7.46156173787183	127.444105395267	Colorectal
08029	0.878422458138212	-10.2498779582877	166.83524807426	Colorectal
08031	0.96150785277492	3.29588676610069	500	Colorectal
08041	1.24436918135574	-1.756870012025	500	Colorectal
08043	1.39205552032731	-6.93229530211412	214.813872922584	Colorectal
08045	1.10270601866269	-10.6471829767356	209.262992428188	Colorectal
08051	1.06740831190618	0.968812132881259	118.135515404979	Colorectal
08059	0.477690867361071	1.07530860133804	500	Colorectal
08067	1.1458678133674	-9.2303729531221	212.087246198351	Colorectal
08069	0.246158241010788	2.72671783402134	500	Colorectal
08071	0.48024181128508	12.1205633484498	123.316665540388	Colorectal
08075	0.58920040295182	1.37608952794262	143.19217855735	Colorectal
08077	0.627632400199996	-5.47171476017034	340.961874701557	Colorectal
08081	1.14577042822496	8.39691921454998	114.821600755259	Colorectal
08083	1.07665933179287	-3.94798979845895	154.369686143362	Colorectal
08085	0.97892557660584	-9.37486724770753	182.84419597023	Colorectal
08087	0.22601127852107	1.24021444126332	164.836282413794	Colorectal
08089	0.349019847066415	16.9888131580044	142.516665692122	Colorectal
08097	1.3546094793722	-2.93940714756217	121.950809755409	Colorectal
08099	-0.0438889930296293	11.3468797104441	120.345336428131	Colorectal
08101	0.656867468477397	8.08121570892689	376.127637910324	Colorectal
08105	1.41034608272684	8.32640649798788	111.413643688733	Colorectal
08107	0.908578641235965	1.64109942792787	142.80406156689	Colorectal
08123	0.260421239455004	2.95133827762295	425.365724994386	Colorectal
16001	-0.00107790531133213	-0.205427370910143	500	Colorectal
16005	0.0827218077719581	4.58138111656818	274.890887444455	Colorectal
16011	0.465980985773744	-3.60805501815916	204.2914584607	Colorectal
16013	0.575408806897353	-13.332847458394	137.807837222707	Colorectal
16017	0.0781392284713279	9.80547735006564	191.924464308227	Colorectal
16019	0.312027377972876	-1.46116416217092	287.266426858413	Colorectal
16027	0.0878449418206518	-7.53242322002705	362.547927866096	Colorectal
16031	-0.153599793693394	-7.12155433486319	146.342065039414	Colorectal
16041	-0.0611664011637739	-0.804803684838104	106.437775249204	Colorectal
16043	0.451341207200956	-4.70541005131926	108.715224324839	Colorectal
16045	0.228086357398021	-5.03287916998268	123.211200789539	Colorectal
16047	0.508990509225481	-1.04304159069178	118.974787245029	Colorectal
16049	0.0275587379235683	9.76686357759018	124.543165207891	Colorectal
16051	0.606048465894604	-11.9895940999835	138.401589586247	Colorectal
16053	0.56813437113268	1.19048598645736	135.432640083549	Colorectal
16055	0.106820586152495	0.817469980333506	329.674081480483	Colorectal
16057	-0.604314125629072	-5.42921657093151	186.909068800848	Colorectal
16067	0.286067160230881	-1.07693667345592	142.035206903077	Colorectal
16069	-0.193314759191341	-7.08794153887391	193.416648714634	Colorectal
16073	0.248137958814738	-11.238006921486	103.169763012231	Colorectal
16075	0.0226925128391121	0.914527367525387	143.450339839263	Colorectal
16079	0.713577895999075	3.25463976279533	117.349904132896	Colorectal
16083	0.531617970162687	-2.37570167074357	253.542895778998	Colorectal
30013	0.35003261688691	4.00232869262157	283.473102780493	Colorectal
30017	0.379044833678472	22.6922135280777	108.148046676766	Colorectal
30027	0.868040714155506	13.9074271637499	109.055031979272	Colorectal
30029	0.449657632973529	-2.7429552858923	272.893752218698	Colorectal
30031	0.301750712107456	-1.58994858428309	260.443851914381	Colorectal
30041	0.142526769573668	18.2026994719094	129.123971438304	Colorectal
30043	0.55534827468486	9.87349292206861	100.244700608062	Colorectal
30049	0.387940491203224	5.17800851454891	236.042369078096	Colorectal
30053	0.550525359157047	-2.59010675903423	137.247950804374	Colorectal
30063	0.0278669151601583	-2.25730950225091	309.51898164733	Colorectal
30067	0.772142619611602	-5.70241742379896	125.275695966935	Colorectal
30081	0.314109698893657	-6.11128875024259	189.921036222952	Colorectal
30089	0.454607336427116	4.04313597886466	101.128630960772	Colorectal
30093	0.62262506457224	10.0752951719913	186.026879778165	Colorectal
30111	0.508259836754599	3.07460963195588	359.655390617185	Colorectal
32001	0.723459185477134	13.1817384300151	154.861228201251	Colorectal
32003	0.368086904482197	1.39452996820231	500	Colorectal
32005	0.630628210775382	1.29565903961572	203.123115375872	Colorectal
32007	0.333282282115902	-0.10466564164301	212.816822643324	Colorectal
32013	0.432822602049679	1.73755758041314	126.9094165143	Colorectal
32019	0.915975560475579	8.29994060539591	185.744448100071	Colorectal
32031	0.61512975371055	-0.77654970839741	500	Colorectal
35001	0.713197595183498	-1.10403665067572	500	Colorectal
35005	0.405409772104798	-6.55441146239642	247.753910160869	Colorectal
35007	0.668353128488976	0.95312350165669	119.117588961496	Colorectal
35009	0.526774340845373	1.5871527407015	212.235718011837	Colorectal
35013	0.0562953379800959	-0.438932160806924	417.949757746072	Colorectal
35015	0.279776386567477	2.93463391863715	227.283963358614	Colorectal
35017	0.582170365780812	-0.373713590620988	187.701891306401	Colorectal
35025	0.459742304391984	-6.28234268204406	235.607724830915	Colorectal
35027	0.593763833347908	-0.593790466464296	139.323364874668	Colorectal
35028	0.838894600829804	-7.11914817250744	135.436331905438	Colorectal
35029	0.404927151957408	-7.12618895088086	158.16447135814	Colorectal
35035	0.571222340607963	1.58442342547077	249.595673039418	Colorectal
35037	0.596653547339236	10.0812488304611	100.772019926168	Colorectal
35039	0.599917168616963	7.06748103962065	202.953196574974	Colorectal
35041	0.585077598575065	3.41257046752855	134.231143927183	Colorectal
35043	0.82490803990377	3.61508674507487	299.846627461441	Colorectal
35047	0.61391528431505	6.40201458243484	173.568430309201	Colorectal
35049	0.842162164014215	-1.31653383627159	359.571967761671	Colorectal
35051	0.708766754900335	-3.19615671436365	115.195486022674	Colorectal
35053	0.617789680478304	3.04629649451333	134.454453254624	Colorectal
35055	1.08334686909071	7.12711183683686	173.144448366097	Colorectal
35057	1.14751201858315	-6.81513488955287	130.042300810159	Colorectal
35061	0.76001850565384	3.30052244594075	257.21975040809	Colorectal
41001	0.265279370466927	-7.07326306809344	129.387016350173	Colorectal
41003	-0.843676857417365	2.95786708085234	279.558580623096	Colorectal
41005	-0.78926998276278	0.989277681926402	500	Colorectal
41007	-0.630026447328893	7.91416363480612	188.759105740624	Colorectal
41009	-0.49203830378524	9.55913903199274	208.710325571113	Colorectal
41011	-0.590229216328745	-3.48108818879623	250.557378658063	Colorectal
41013	0.450383382281563	-8.02497922390839	138.499097469984	Colorectal
41015	-0.43185056066986	-8.3940044268419	145.385693931693	Colorectal
41017	0.342564049842859	-3.51627303506107	339.657180109592	Colorectal
41019	-0.391098481478588	-0.203960217765541	316.85801236516	Colorectal
41027	-0.631296067766611	-4.44393539815746	142.867071083578	Colorectal
41029	-0.0114703634513278	-2.04709001885872	425.756972931742	Colorectal
41031	-0.0990244572419622	0.455799166164748	137.873130087048	Colorectal
41033	0.0345291026353561	-7.95040303501451	275.183575091247	Colorectal
41035	0.622898651755306	5.79305842476937	252.537125983488	Colorectal
41039	-0.683969538864252	-2.61497538559844	500	Colorectal
41041	-0.640415805797801	3.56745109586869	210.900450449969	Colorectal
41043	-0.517096989414985	-3.16353064344749	321.043610744709	Colorectal
41045	-0.0212179355873417	-9.71433158248114	177.806074136965	Colorectal
41047	-0.532079659079888	2.25172201843092	500	Colorectal
41049	-0.524525717003847	7.4166260625724	104.857045542968	Colorectal
41051	-0.491724121481176	3.01350710921252	500	Colorectal
41053	-0.810640025176088	5.19793969322454	249.759884689275	Colorectal
41057	-0.757086951637591	1.54241872437391	157.702251093635	Colorectal
41059	-0.386346910689474	6.20297733216581	265.608734796128	Colorectal
41061	0.328164339576471	4.32317993244435	156.620560591514	Colorectal
41065	-0.381823322867241	-3.39007256863201	154.243314279744	Colorectal
41067	-1.02873481645962	0.441229909591983	500	Colorectal
41071	-0.63493232126521	5.20696317286678	291.533874532618	Colorectal
49003	0.0858376423757829	1.34132472831263	206.748639656952	Colorectal
49005	0.100294387328667	-7.23337846246064	302.309444113147	Colorectal
49007	0.717285655561894	6.12668266445305	142.90556322271	Colorectal
49011	0.138250077653472	0.3099175174695	488.870125902575	Colorectal
49013	1.14721236522949	4.86856577450803	119.879105769104	Colorectal
49015	0.536173322009382	1.17466424257977	104.211323760904	Colorectal
49019	-0.109740707873419	6.2247217105983	109.238271681678	Colorectal
49021	0.828891621235707	-8.94983411652128	183.790641763937	Colorectal
49027	0.0396230597558441	4.0872697019723	111.377735656638	Colorectal
49035	0.178053766092916	-4.74339738976658	500	Colorectal
49039	0.686928753569179	12.8873971630806	150.874119715742	Colorectal
49041	1.00140930475689	7.87207797922667	137.266164804004	Colorectal
49043	0.839575768329383	0.015545363034693	172.441294358399	Colorectal
49045	0.640885779582778	0.227740127259449	201.829135656872	Colorectal
49047	0.445306508032298	-6.12352257810217	158.820653568735	Colorectal
49049	-0.206000010153289	1.52487902962952	500	Colorectal
49051	0.483819093644297	4.58628568765154	123.349098091555	Colorectal
49053	-0.25858504640213	-6.46735877997803	300.589420971531	Colorectal
49057	0.148700100694412	-2.53755119233134	443.320425877265	Colorectal
53001	-0.609637448447445	-13.1059944200956	128.171759760097	Colorectal
53003	-0.814610535585893	-7.38997321899809	143.356199726416	Colorectal
53005	-0.582444525173517	3.22560884663468	377.458607002145	Colorectal
53007	-0.246029141458667	-4.36524337260629	258.10075552001	Colorectal
53009	-0.47136187765141	2.82670205876061	256.353271873015	Colorectal
53011	-0.898848987414131	0.550689809109826	500	Colorectal
53015	-0.424109101025475	4.50907505670956	304.873744359858	Colorectal
53017	-0.0995518980977013	-3.79701390545926	180.563008393192	Colorectal
53021	-0.499705085350075	2.66504610927606	222.141846575561	Colorectal
53025	-0.375768775108975	-4.72473395960703	273.309348541172	Colorectal
53027	-0.146647922810547	5.06634347122584	259.218054926735	Colorectal
53029	-0.705993709554186	2.00211806792551	267.503271008038	Colorectal
53031	-0.60558547493575	-5.82736996884126	161.099348229594	Colorectal
53033	-0.52820142821385	-0.539553443405478	500	Colorectal
53035	-0.433587265930027	-0.149380754244911	481.631601953194	Colorectal
53037	-0.640156258308057	-7.20470840016391	182.652675863235	Colorectal
53039	-1.14928282531225	1.67056826070893	138.423263940712	Colorectal
53041	-0.650687194596671	8.51686825960989	261.916017074176	Colorectal
53043	-0.335096013867869	-10.5932372774983	100.915806492343	Colorectal
53045	0.0125471830698078	-2.15345383493173	222.272355456094	Colorectal
53047	-0.111518546003339	-1.925410350389	198.907013451009	Colorectal
53049	-1.12833303556543	-7.43505642435381	150.439356552732	Colorectal
53051	0.12760292164828	8.05546986986702	108.314357312408	Colorectal
53053	0.12875332922619	-4.22180050160392	500	Colorectal
53055	-1.17122678636091	-10.8627474133655	128.922457314465	Colorectal
53057	-0.356667343606412	1.10125681938514	325.339822339658	Colorectal
53061	-0.301319360689186	1.63007492801342	500	Colorectal
53063	0.0131061098176096	0.616517514252147	500	Colorectal
53065	-0.163689836409483	-3.13947991311566	200.164931993594	Colorectal
53067	-0.42822319887684	3.86733831567379	455.362492965769	Colorectal
53071	-0.273131999097047	-2.76828019035392	234.90423580685	Colorectal
53073	-0.323696398628359	-1.57321229055199	408.428696347355	Colorectal
53077	-0.370375556744012	-5.13071282860433	471.784908618324	Colorectal
56003	0.173596964004282	10.7301636984484	107.056060080689	Colorectal
56005	0.680628391450726	1.71186793235866	186.866262337534	Colorectal
56007	1.25506966711475	-3.14935638669762	125.055987461617	Colorectal
56009	1.18566716242561	18.5406870054899	109.781601372908	Colorectal
56013	0.599435892423644	16.260227515072	191.436673602526	Colorectal
56015	0.496858176982724	12.5749909052406	111.973211081937	Colorectal
56021	1.24600548352259	-3.34658144928319	285.669389329694	Colorectal
56023	0.796232955942564	12.5594157436134	120.718681238655	Colorectal
56025	0.949332462736575	-4.35164607412873	257.939915484207	Colorectal
56029	0.739025397930862	-4.24986157868431	160.580198032011	Colorectal
56033	0.663939280371651	-1.47847144868798	162.972390299707	Colorectal
56037	0.874616207587337	-3.12749260713528	193.940712590214	Colorectal
56039	1.0278520695039	-4.45396400059656	135.096261976414	Colorectal
56041	0.358473241233227	1.92821290280776	140.506227619988	Colorectal
04003	0.17651125890543	-57.3856225378599	343.154484161289	Prostate
04007	0.205816062452138	-52.7474637178037	226.572284271488	Prostate
04009	0.504706037298874	-53.7160381489468	183	Prostate
04012	-0.892664384850153	-35.8820925841854	140.410113595852	Prostate
04013	-0.591422266246744	-16.719822146548	500	Prostate
04015	-0.300298513817038	-35.3784982901738	393.741031643897	Prostate
04019	-0.325476157333477	-39.1100215462243	500	Prostate
04021	-0.420771498635975	-23.6159462476619	423.94221304324	Prostate
04023	-0.397235486554331	-49.9403789434089	195.910693939866	Prostate
04025	-0.0666466203688232	-15.2892418317133	409.28840687222	Prostate
04027	-1.15701309762134	-34.7397821430047	400.032498679795	Prostate
06001	-0.185441230063776	8.79413638864608	500	Prostate
06005	0.0463418403064357	9.71822784116431	187.349939951952	Prostate
06007	-0.254824005175676	3.41034913287482	450.744938962159	Prostate
06009	-0.657924589526508	-5.54842356707091	201.380237362061	Prostate
06011	-0.824683932479287	-30.1494238135499	137.127677731376	Prostate
06013	-0.256578631471356	6.04495352753645	500	Prostate
06015	-0.0818602833918218	-3.00092964208939	165.852343968965	Prostate
06017	0.436632249133893	9.92625375733008	397.717236237003	Prostate
06019	-0.222423902586453	12.719452174843	500	Prostate
06021	0.0337965757360069	5.26909205613771	162.643782543324	Prostate
06023	-0.194431815450324	0.0368677833267596	357.523425805918	Prostate
06025	-0.232499522129539	2.52950167937127	377.307566846996	Prostate
06027	1.04967009945325	15.206801468833	133.958948935859	Prostate
06029	0.0632008824018627	-8.63430519833181	500	Prostate
06031	-0.0862286852749998	3.51075147039673	359.806892652156	Prostate
06033	0.469629981087228	-24.7151984009948	241.472565729525	Prostate
06035	0.547107502948913	-7.5944964340423	183.92389730538	Prostate
06037	-0.0647256983247645	4.68438259687862	500	Prostate
06039	-0.143565764638929	12.5129572674294	350.868921393731	Prostate
06041	-0.355685076467767	7.83457251581203	498.236891448235	Prostate
06043	-0.0251158604759132	-17.8588642974365	130.881625906771	Prostate
06045	-0.0904209637671767	-7.17324659101897	293.709039697453	Prostate
06047	-0.391724031687782	-5.2978741768417	458.861634918414	Prostate
06051	-0.103654458880772	16.8680512215828	113.371072148057	Prostate
06053	-0.487016220567037	38.1275519284032	500	Prostate
06055	-0.12182780993054	13.6706056809009	352.53226802663	Prostate
06057	-0.147825062834497	-23.645833534518	303.369411773831	Prostate
06059	-0.42712934524683	-17.9495027166462	500	Prostate
06061	-0.522954801881159	-17.3334042421199	498.396428558632	Prostate
06063	0.0663590902160456	16.2616231755299	144.30523206038	Prostate
06065	-0.0820615616834877	8.86074569518086	500	Prostate
06067	-0.262282369654173	-1.25385190952258	500	Prostate
06069	-0.455743128513697	38.1864824834119	230.724944468516	Prostate
06071	0.18805718381799	17.1681405363498	500	Prostate
06073	-0.142191419847127	-9.19104326187797	500	Prostate
06075	0.098258712278182	-30.7480952659435	500	Prostate
06077	-0.292289221212165	18.5062555632562	500	Prostate
06079	-0.522669557090304	0.941545019785393	497.588183139431	Prostate
06081	-0.189844544356409	2.2919764957676	500	Prostate
06083	-0.425748293110715	-11.1038488148609	500	Prostate
06085	-0.241489130409496	-1.94142937423998	500	Prostate
06087	-0.477628567418929	20.9738188195097	500	Prostate
06089	-0.169623074391817	9.24467744231523	404.049501917772	Prostate
06093	0.62929359365408	3.12643174598433	210.478027356777	Prostate
06095	-0.0351925076200042	17.3025460437405	500	Prostate
06097	-0.478234604345893	-9.05772443787145	500	Prostate
06099	-0.405768968970528	-3.44930804954073	500	Prostate
06101	-0.609988558095176	-13.6469395170464	280.944834442636	Prostate
06103	0.0575532128955252	17.0255604695274	236.725579521944	Prostate
06105	-0.0957263387194679	-39.3228912591495	114.113978109608	Prostate
06107	-0.394947723779764	-5.43555399997963	500	Prostate
06109	0.393423628644821	-0.833525292707362	233.454492353435	Prostate
06111	-0.398463532241624	-11.5668944829331	500	Prostate
06113	-0.509716742886452	-20.1520667011634	410.682359007542	Prostate
06115	-0.0711005373318906	-7.67359837315342	245.395598982541	Prostate
08001	0.899694272493939	-30.4073983370637	500	Prostate
08003	1.17258263694557	3.69080259641938	122.335603975294	Prostate
08005	0.613830076317365	-16.749167242142	500	Prostate
08013	0.460713120160004	-2.05620950592714	500	Prostate
08015	1.29304237937552	19.3697681318077	127.444105395267	Prostate
08029	0.609684988389239	10.2457922957426	166.83524807426	Prostate
08031	1.29173668921107	-15.1137909771507	500	Prostate
08041	1.10871258198878	22.6939720512324	500	Prostate
08043	1.1730583605211	-6.83528144644829	214.813872922584	Prostate
08045	0.69219293912357	20.1149501353734	209.262992428188	Prostate
08049	1.23996331452679	-6.89858304000175	111.543713404208	Prostate
08051	0.676666075314352	-5.32856916901829	118.135515404979	Prostate
08059	0.640332315608584	-24.0163236852844	500	Prostate
08067	0.839918072595859	36.3461383050296	212.087246198351	Prostate
08069	0.284594037008781	12.4833338166912	500	Prostate
08071	0.530355434302282	-33.1547966107138	123.316665540388	Prostate
08075	0.190701167172642	23.5061637212093	143.19217855735	Prostate
08077	0.300660517994997	27.4019596026832	340.961874701557	Prostate
08081	1.04536839556245	-8.40719101457501	114.821600755259	Prostate
08083	1.00779363043572	32.7771409105331	154.369686143362	Prostate
08085	0.636828963519907	-8.16528937409709	182.84419597023	Prostate
08087	0.514994729983677	20.7636581937177	164.836282413794	Prostate
08089	0.623728647636016	22.7911229499915	142.516665692122	Prostate
08097	1.18221574212409	-11.5984790136856	121.950809755409	Prostate
08099	-0.0099739808783784	-24.6505479988592	120.345336428131	Prostate
08101	1.04134881178761	10.4881750827051	376.127637910324	Prostate
08105	1.76723765100245	9.11280994157598	111.413643688733	Prostate
08107	0.664876141439527	8.69093685039053	142.80406156689	Prostate
08123	0.42282523503595	-6.45376018380958	425.365724994386	Prostate
16001	0.0540644735023267	10.377008927198	500	Prostate
16005	-0.0782564614123277	-13.589665251748	274.890887444455	Prostate
16011	0.459474948251632	31.5071133742619	204.2914584607	Prostate
16013	0.357286891861126	8.83536109985116	137.807837222707	Prostate
16017	0.0148449892713555	-12.776983061465	191.924464308227	Prostate
16019	0.24769052783867	-12.2483418509331	287.266426858413	Prostate
16027	0.0634888931394978	20.9621965817948	362.547927866096	Prostate
16031	-0.110539356427734	26.3065624889792	146.342065039414	Prostate
16041	-0.582339541790361	-27.9880927594301	106.437775249204	Prostate
16043	-0.0413890861254452	3.03540615028968	108.715224324839	Prostate
16045	-0.0690740077392311	1.19336544795558	123.211200789539	Prostate
16047	-0.111869095398548	76.8903247736599	118.974787245029	Prostate
16049	-0.143897674252259	-13.7505418789696	124.543165207891	Prostate
16051	0.748618881725948	-0.967965376327779	138.401589586247	Prostate
16053	0.501483590741757	32.3780248138808	135.432640083549	Prostate
16055	-0.257474076301056	-19.7559338075583	329.674081480483	Prostate
16057	-0.833519701122757	-16.6706010206309	186.909068800848	Prostate
16067	0.313034427338062	16.2798710152324	142.035206903077	Prostate
16069	-0.555053019711857	34.5744765126132	193.416648714634	Prostate
16073	0.165607169411538	2.46474895741406	103.169763012231	Prostate
16075	-0.131206327071707	19.2051735741173	143.450339839263	Prostate
16079	0.615321413087729	-21.8614833036201	117.349904132896	Prostate
16083	0.34383260657966	22.0809352670958	253.542895778998	Prostate
30013	0.0126819061921441	30.5192435070973	283.473102780493	Prostate
30017	0.0332443220723776	23.3816097893217	108.148046676766	Prostate
30027	0.951891513956165	26.9827925566897	109.055031979272	Prostate
30029	0.100920626113904	41.7581236411231	272.893752218698	Prostate
30031	0.0376713460077718	-23.9034055796489	260.443851914381	Prostate
30041	0.365367561132128	18.8387795818188	129.123971438304	Prostate
30043	0.68201264074539	-46.9518842889058	100.244700608062	Prostate
30049	0.248645563184427	-21.7551779304198	236.042369078096	Prostate
30053	0.0742202655707276	-4.5581918109368	137.247950804374	Prostate
30063	-0.0110212851351596	-6.38309473453888	309.51898164733	Prostate
30067	0.443718262188187	-0.968934638114254	125.275695966935	Prostate
30081	-0.0397929758665771	-4.25465071996471	189.921036222952	Prostate
30089	0.0630353647189205	4.07924603185946	101.128630960772	Prostate
30093	0.675098739798442	-32.5532129404422	186.026879778165	Prostate
30111	0.378435830495408	23.4899757175851	359.655390617185	Prostate
32001	0.813672836014299	13.7242961490181	154.861228201251	Prostate
32003	0.235722299917142	-5.08948422818058	500	Prostate
32005	0.275926059170566	21.5264702813334	203.123115375872	Prostate
32007	0.454152216441666	-50.5402233783229	212.816822643324	Prostate
32013	0.357305469307629	-13.0837371457984	126.9094165143	Prostate
32019	0.881310652627563	-8.50630473118845	185.744448100071	Prostate
32031	0.51826756715356	-5.24548500991669	500	Prostate
32510	1.03027176482586	-20.9718159125387	229.034931833552	Prostate
35001	0.92208837195007	0.672445491720936	500	Prostate
35005	0.590212806427057	-8.34255795352909	247.753910160869	Prostate
35007	0.654003068860615	-10.6840975546627	119.117588961496	Prostate
35009	0.190540952056488	-7.960779197782	212.235718011837	Prostate
35013	0.284903039994133	4.22547836106892	417.949757746072	Prostate
35015	0.345161744010128	9.03807403868216	227.283963358614	Prostate
35017	0.604806959180016	-16.1395729726867	187.701891306401	Prostate
35025	0.647500803268642	-9.1627052456569	235.607724830915	Prostate
35027	0.872823202302101	-27.7328205694352	139.323364874668	Prostate
35028	0.427459679830451	36.3127469424716	135.436331905438	Prostate
35029	0.483957218230369	-3.86420329582181	158.16447135814	Prostate
35035	0.753496172417665	-37.561723874494	249.595673039418	Prostate
35037	1.20828296677086	-19.7381778025949	100.772019926168	Prostate
35039	1.02904018369302	29.0985504853501	202.953196574974	Prostate
35041	1.24583690389094	26.3217976749093	134.231143927183	Prostate
35043	1.13368734994902	-2.40964677959566	299.846627461441	Prostate
35047	1.22492619167022	-10.7903094430463	173.568430309201	Prostate
35049	0.951402124880915	10.3550640746992	359.571967761671	Prostate
35051	1.00577192396273	-18.7346381226984	115.195486022674	Prostate
35053	0.926247418230947	18.2583410737302	134.454453254624	Prostate
35055	1.42095882118315	25.3524655368591	173.144448366097	Prostate
35057	1.06278096035883	2.71366581490514	130.042300810159	Prostate
35061	0.990280590527557	20.1342650719975	257.21975040809	Prostate
41001	-0.00770777927270419	-33.1012614353326	129.387016350173	Prostate
41003	-0.978382281768053	18.2954153862176	279.558580623096	Prostate
41005	-0.826854358117458	-21.6024601590871	500	Prostate
41007	-0.500402668476682	-2.0957035736225	188.759105740624	Prostate
41009	-0.440888670642027	-32.7224935339132	208.710325571113	Prostate
41011	-0.82264846717975	12.5878246972133	250.557378658063	Prostate
41013	0.431194182902075	-8.53168263473531	138.499097469984	Prostate
41015	-0.500657338524362	-43.4133719762463	145.385693931693	Prostate
41017	0.0783786803292835	9.03316170528951	339.657180109592	Prostate
41019	-0.440431205371463	-31.4234072871285	316.85801236516	Prostate
41027	-0.626621809931002	5.71716808682497	142.867071083578	Prostate
41029	-0.263260147536628	0.63639277389422	425.756972931742	Prostate
41031	-0.0111620733557008	-1.53063043982752	137.873130087048	Prostate
41033	-0.181478168907307	-17.64514498315	275.183575091247	Prostate
41035	0.529726945024481	-26.4256567035966	252.537125983488	Prostate
41039	-0.842025710750757	4.07209821295533	500	Prostate
41041	-0.574723783188144	-0.988141749831994	210.900450449969	Prostate
41043	-0.791581587316077	-12.4421792192068	321.043610744709	Prostate
41045	-0.219630932824713	30.5896873913626	177.806074136965	Prostate
41047	-0.490801490946669	17.9427272629317	500	Prostate
41049	-0.537839645149555	50.1767170701712	104.857045542968	Prostate
41051	-0.361555693187656	-26.8930291646553	500	Prostate
41053	-0.902591752051344	19.3967555004678	249.759884689275	Prostate
41057	-0.959306920326964	-39.343847007826	157.702251093635	Prostate
41059	-0.465748510430356	0.952739975695358	265.608734796128	Prostate
41061	0.00588483657253911	6.88541192560591	156.620560591514	Prostate
41065	-0.483863276573025	4.6818758715839	154.243314279744	Prostate
41067	-0.844232813477651	-29.1003721614396	500	Prostate
41071	-0.501169646404064	-28.4421167303	291.533874532618	Prostate
49003	-0.587096903133987	33.736377859691	206.748639656952	Prostate
49005	-0.261619030658842	20.9175223422107	302.309444113147	Prostate
49007	0.425532943813857	6.97183417055593	142.90556322271	Prostate
49011	-0.149975388973828	41.8416266324144	488.870125902575	Prostate
49013	1.34044232627031	41.4532651512606	119.879105769104	Prostate
49015	0.187388701445667	-34.4483616134535	104.211323760904	Prostate
49019	-0.144802767465649	10.214428328838	109.238271681678	Prostate
49021	0.651919738014598	29.8779720469594	183.790641763937	Prostate
49027	-0.24343213792474	-23.6927171748383	111.377735656638	Prostate
49035	0.0423713434210257	23.2129074174794	500	Prostate
49039	0.53702785820623	13.0742943547068	150.874119715742	Prostate
49041	0.79817296147676	52.1194853141107	137.266164804004	Prostate
49043	0.969044546797089	7.64626318703707	172.441294358399	Prostate
49045	0.210554229151808	52.4327256199255	201.829135656872	Prostate
49047	0.24299990987702	18.4554951314867	158.820653568735	Prostate
49049	-0.307649216855285	-2.21546277076811	500	Prostate
49051	0.436513819863379	9.77110006641326	123.349098091555	Prostate
49053	-0.581569597989423	29.4476664965032	300.589420971531	Prostate
49057	-0.00371114238392482	6.83317535405044	443.320425877265	Prostate
53001	-0.693857175092525	26.5896367781445	128.171759760097	Prostate
53003	-1.10262765609862	-13.0166029635781	143.356199726416	Prostate
53005	-0.672853246829206	-10.7653889976091	377.458607002145	Prostate
53007	-0.528333401881771	48.1094370545463	258.10075552001	Prostate
53009	-0.365417637669943	-3.36593640387268	256.353271873015	Prostate
53011	-0.982332194518251	-36.071789693133	500	Prostate
53015	-0.530688224903822	-24.0710278430606	304.873744359858	Prostate
53017	-0.473537514816246	72.1345344313346	180.563008393192	Prostate
53021	-0.384305691569683	31.4061634683655	222.141846575561	Prostate
53025	-0.495802993692611	27.9244635775029	273.309348541172	Prostate
53027	0.083790646330726	-2.2575062742397	259.218054926735	Prostate
53029	-0.631667310816291	-7.62147494193456	267.503271008038	Prostate
53031	-0.698992647114349	5.38932919589003	161.099348229594	Prostate
53033	-0.311315080163295	-4.36411681029602	500	Prostate
53035	-0.467573971277842	9.5399973472511	481.631601953194	Prostate
53037	-0.809181019845555	-11.9657921324742	182.652675863235	Prostate
53039	-1.46034094310681	1.47413329252412	138.423263940712	Prostate
53041	-0.635420759361608	-44.5854424140715	261.916017074176	Prostate
53043	-0.606573517661786	6.87424587277117	100.915806492343	Prostate
53045	-0.0126954959104185	-0.977354782848702	222.272355456094	Prostate
53047	0.0105594254273899	28.6903157372849	198.907013451009	Prostate
53049	-1.430832322785	-32.0760439693178	150.439356552732	Prostate
53051	0.523053797971149	-27.3894504509511	108.314357312408	Prostate
53053	-0.0405909878751	27.4265572613663	500	Prostate
53055	-1.53670083380487	31.8278604286844	128.922457314465	Prostate
53057	-0.320624294242768	19.0221540703015	325.339822339658	Prostate
53061	-0.168887106379416	-3.0832492884983	500	Prostate
53063	-0.0719540698216689	-3.43868739971059	500	Prostate
53065	-0.456544678936409	-17.6138159674976	200.164931993594	Prostate
53067	-0.311203936270558	-17.9585289859642	455.362492965769	Prostate
53071	-0.609815058902028	23.1337789756451	234.90423580685	Prostate
53073	-0.228208767351073	25.4425926188341	408.428696347355	Prostate
53077	-0.14925071515748	2.00884985705162	471.784908618324	Prostate
56003	0.145136371716771	-4.98759850511808	107.056060080689	Prostate
56005	0.294602075709636	-10.0570860758934	186.866262337534	Prostate
56007	0.819996012108353	36.0096914398068	125.055987461617	Prostate
56009	1.02634751472387	34.4898271768912	109.781601372908	Prostate
56013	0.842443126865932	-8.21304686879157	191.436673602526	Prostate
56015	0.473072121621304	-14.0317768646594	111.973211081937	Prostate
56021	0.917112201712569	39.6948509793612	285.669389329694	Prostate
56023	0.491190799807577	54.5594638159827	120.718681238655	Prostate
56025	0.88971458682002	-21.7604397146784	257.939915484207	Prostate
56029	0.360776611069048	22.3181859791106	160.580198032011	Prostate
56033	0.321380268009384	36.5420708126844	162.972390299707	Prostate
56037	0.780525096943187	3.63758342452797	193.940712590214	Prostate
56039	0.595202083379613	41.2274636003483	135.096261976414	Prostate
56041	0.12375929357881	-13.2717687856565	140.506227619988	Prostate
