fips	Elevation	Incidence	weight	Cancer	plot_type	name	population	lung	smoking	elevation	education	black	no_lung
04003	1.36983	50.3	343.154484161289	Lung	bivariate	Cochise, AZ	117755	50.3	48.25	1.36983	21.4	5.3	313.2
04007	1.30298	52.7	226.572284271488	Lung	bivariate	Gila, AZ	51335	52.7	53.75	1.30298	15	0.5	297.3
04009	1.01521	54.6	183	Lung	bivariate	Graham, AZ	33489	54.6	44.3	1.01521	13.4	2.1	350.3
04012	0.27589	60.6	140.410113595852	Lung	bivariate	La Paz, AZ	19715	60.6	47.6	0.27589	9	1.1	262.8
04013	0.38463	56	500	Lung	bivariate	Maricopa, AZ	3073322	56	39.15	0.38463	29	4.3	350.3
04015	0.57798	83.5	393.741031643897	Lung	bivariate	Mohave, AZ	155032	83.5	58	0.57798	12	0.7	348
04019	0.78219	49.2	500	Lung	bivariate	Pima, AZ	843746	49.2	47.75	0.78219	29.6	3.7	322
04021	0.56683	54.7	423.94221304324	Lung	bivariate	Pinal, AZ	179727	54.7	50	0.56683	17.9	3.1	317.5
04023	1.21773	35.1	195.910693939866	Lung	bivariate	Santa Cruz, AZ	38381	35.1	32.7	1.21773	17.3	0.5	274.8
04025	1.4198	52.6	409.28840687222	Lung	bivariate	Yavapai, AZ	167517	52.6	53.5	1.4198	23.7	0.6	338.4
04027	0.06017	53.7	400.032498679795	Lung	bivariate	Yuma, AZ	160026	53.7	37.85	0.06017	13.3	2.6	282.6
06001	0.05279	52.3	500	Lung	bivariate	Alameda, CA	1443741	52.3	40.95	0.05279	40.3	16.2	379.2
06005	0.49985	61.4	187.349939951952	Lung	bivariate	Amador, CA	35100	61.4	55.45	0.49985	19	4.1	424
06007	0.19901	70	450.744938962159	Lung	bivariate	Butte, CA	203171	70	49.9	0.19901	24.1	1.9	414.7
06009	0.56458	61.3	201.380237362061	Lung	bivariate	Calaveras, CA	40554	61.3	57.2	0.56458	19.6	1	376.5
06011	0.06799	69	137.127677731376	Lung	bivariate	Colusa, CA	18804	69	41.6	0.06799	11.7	0.7	304.3
06013	0.07319	52.8	500	Lung	bivariate	Contra Costa, CA	948816	52.8	42.6	0.07319	38.2	10.3	406.4
06015	0.0686	82.3	165.852343968965	Lung	bivariate	Del Norte, CA	27507	82.3	51.7	0.0686	14.3	4.6	401
06017	0.85998	63.6	397.717236237003	Lung	bivariate	El Dorado, CA	158179	63.6	49.5	0.85998	31.1	0.8	449.8
06019	0.11653	55	500	Lung	bivariate	Fresno, CA	799407	55	37.35	0.11653	19.7	5.9	372.1
06021	0.07449	79.2	162.643782543324	Lung	bivariate	Glenn, CA	26453	79.2	43.3	0.07449	16.2	0.8	394.9
06023	0.12935	63.4	357.523425805918	Lung	bivariate	Humboldt, CA	127823	63.4	50.4	0.12935	26.3	1.4	428.7
06025	-0.01103	48.5	377.307566846996	Lung	bivariate	Imperial, CA	142361	48.5	36	-0.01103	12.2	4.3	346.2
06027	1.4788	78.4	133.958948935859	Lung	bivariate	Inyo, CA	17945	78.4	52.75	1.4788	20.9	0.4	426.3
06029	0.28028	61.1	500	Lung	bivariate	Kern, CA	661645	61.1	42.1	0.28028	14.7	6.6	378.7
06031	0.09173	57.9	359.806892652156	Lung	bivariate	Kings, CA	129461	57.9	42.75	0.09173	11.8	8.9	368.8
06033	0.50428	84.2	241.472565729525	Lung	bivariate	Lake, CA	58309	84.2	54.75	0.50428	16.4	2.6	406.2
06035	1.46994	60.4	183.92389730538	Lung	bivariate	Lassen, CA	33828	60.4	52.35	1.46994	12.4	9.1	343.3
06037	0.15581	45.6	500	Lung	bivariate	Los Angeles, CA	9521418	45.6	36.8	0.15581	29	10.5	375
06039	0.24307	59.6	350.868921393731	Lung	bivariate	Madera, CA	123109	59.6	42.95	0.24307	13.5	4.7	382.4
06041	0.05397	45.3	498.236891448235	Lung	bivariate	Marin, CA	248240	45.3	46.4	0.05397	54.1	3.5	448.4
06043	0.92829	74.2	130.881625906771	Lung	bivariate	Mariposa, CA	17130	74.2	56.85	0.92829	20.4	0.8	363.3
06045	0.31059	61	293.709039697453	Lung	bivariate	Mendocino, CA	86265	61	49.8	0.31059	22.7	1	412.6
06047	0.05104	62.2	458.861634918414	Lung	bivariate	Merced, CA	210554	62.2	41.45	0.05104	12.5	4.5	351.8
06053	0.07103	48.6	500	Lung	bivariate	Monterey, CA	401762	48.6	37.15	0.07103	23.4	4.5	377.6
06055	0.07428	66.4	352.53226802663	Lung	bivariate	Napa, CA	124279	66.4	46.15	0.07428	30	1.6	432.8
06057	0.88241	56	303.369411773831	Lung	bivariate	Nevada, CA	92033	56	53.15	0.88241	31.9	0.5	403
06059	0.06836	48.7	500	Lung	bivariate	Orange, CA	2846289	48.7	37.45	0.06836	36	2.1	379.2
06061	0.2958	55.3	498.396428558632	Lung	bivariate	Placer, CA	248399	55.3	47.4	0.2958	34.1	1.1	402.6
06063	1.47778	62.9	144.30523206038	Lung	bivariate	Plumas, CA	20824	62.9	56.1	1.47778	19.8	0.8	365.5
06065	0.34742	55.2	500	Lung	bivariate	Riverside, CA	1613504	55.2	43.6	0.34742	20.5	7	380.7
06067	0.0261	63.7	500	Lung	bivariate	Sacramento, CA	1223499	63.7	44.95	0.0261	27.8	11.4	390
06069	0.12877	42.9	230.724944468516	Lung	bivariate	San Benito, CA	53234	42.9	39.85	0.12877	18.3	1.5	399.4
06071	0.53363	57	500	Lung	bivariate	San Bernardino, CA	1709434	57	39.5	0.53363	18.4	10	379.2
06073	0.12913	54.1	500	Lung	bivariate	San Diego, CA	2813833	54.1	40.7	0.12913	34.1	6.6	395.8
06075	0.05683	50.8	500	Lung	bivariate	San Francisco, CA	776733	50.8	43.65	0.05683	51.2	8.6	372.3
06077	0.01064	62.3	500	Lung	bivariate	San Joaquin, CA	563598	62.3	41.55	0.01064	17.5	7.5	375.9
06079	0.16742	56.2	497.588183139431	Lung	bivariate	San Luis Obispo, CA	247594	56.2	48.55	0.16742	30.6	2.4	410.6
06081	0.05823	50.2	500	Lung	bivariate	San Mateo, CA	709239	50.2	42.4	0.05823	44	4.1	404.2
06083	0.08125	48.4	500	Lung	bivariate	Santa Barbara, CA	399355	48.4	39.7	0.08125	31	2.8	406
06085	0.05731	44.3	500	Lung	bivariate	Santa Clara, CA	1682585	44.3	37.45	0.05731	45.3	3.4	385.3
06087	0.09877	46.1	500	Lung	bivariate	Santa Cruz, CA	255602	46.1	44.75	0.09877	37.3	1.5	413.7
06089	0.29698	77.2	404.049501917772	Lung	bivariate	Shasta, CA	163256	77.2	53.55	0.29698	20	1.1	410.2
06093	1.13598	77.2	210.478027356777	Lung	bivariate	Siskiyou, CA	44301	77.2	52.35	1.13598	22.6	1.6	390.2
06095	0.03694	64.5	500	Lung	bivariate	Solano, CA	394542	64.5	42.5	0.03694	24	16.6	406.4
06097	0.068	55.9	500	Lung	bivariate	Sonoma, CA	458614	55.9	45.95	0.068	31.5	2	421.9
06099	0.03307	61.5	500	Lung	bivariate	Stanislaus, CA	446997	61.5	41.95	0.03307	16.3	3.2	383.2
06101	0.01845	64.8	280.944834442636	Lung	bivariate	Sutter, CA	78930	64.8	45.15	0.01845	18.7	2.4	340.1
06103	0.18074	93.2	236.725579521944	Lung	bivariate	Tehama, CA	56039	93.2	52.05	0.18074	12.6	0.9	414.8
06105	1.0035	76.4	114.113978109608	Lung	bivariate	Trinity, CA	13022	76.4	58.15	1.0035	19.5	0.5	325.4
06107	0.13237	54.8	500	Lung	bivariate	Tulare, CA	368021	54.8	38.65	0.13237	13	2	356.6
06109	0.77616	69.6	233.454492353435	Lung	bivariate	Tuolumne, CA	54501	69.6	55.45	0.77616	17.3	2.3	460.8
06111	0.15456	48.7	500	Lung	bivariate	Ventura, CA	753197	48.7	39.85	0.15456	30.8	2.4	401.4
06113	0.01839	57.3	410.682359007542	Lung	bivariate	Yolo, CA	168660	57.3	35.85	0.01839	37.8	2.6	387.9
06115	0.08789	96.2	245.395598982541	Lung	bivariate	Yuba, CA	60219	96.2	48.05	0.08789	12.5	4	378.4
08001	1.61368	61.9	500	Lung	bivariate	Adams, CO	364111	61.9	47.05	1.61368	20.3	3.5	365
08003	2.30932	23.3	122.335603975294	Lung	bivariate	Alamosa, CO	14966	23.3	41	2.30932	26.6	1.3	368.3
08005	1.70136	48.7	500	Lung	bivariate	Arapahoe, CO	490164	48.7	42.35	1.70136	37.9	8.7	361
08013	1.64471	39.3	500	Lung	bivariate	Boulder, CO	291288	39.3	44.5	1.64471	57	1.2	395.5
08015	2.51958	39	127.444105395267	Lung	bivariate	Chaffee, CO	16242	39	50.9	2.51958	33.3	1.7	386.2
08029	1.82309	57.6	166.83524807426	Lung	bivariate	Delta, CO	27834	57.6	50.05	1.82309	18.3	0.6	353.1
08031	1.63732	51.5	500	Lung	bivariate	Denver, CO	556013	51.5	45	1.63732	40.1	12.1	387.4
08041	1.94199	49.8	500	Lung	bivariate	El Paso, CO	516929	49.8	48.6	1.94199	34.9	7.7	404.7
08043	1.7424	67.2	214.813872922584	Lung	bivariate	Fremont, CO	46145	67.2	52.75	1.7424	16.2	5.5	395.8
08045	2.03862	51	209.262992428188	Lung	bivariate	Garfield, CO	43791	51	45.65	2.03862	24.4	0.7	369.8
08049	2.78515	40.3	111.543713404208	Lung	bivariate	Grand, CO	12442	40.3	49.25	2.78515	28.8	0.6	350
08051	2.67836	33.6	118.135515404979	Lung	bivariate	Gunnison, CO	13956	33.6	44.05	2.67836	45.8	0.7	333.2
08059	1.76535	48.2	500	Lung	bivariate	Jefferson, CO	528130	48.2	47.4	1.76535	39.3	1.2	376.3
08067	2.22172	44.8	212.087246198351	Lung	bivariate	La Plata, CO	44981	44.8	47.55	2.22172	40.6	0.6	383.7
08069	1.60459	41.5	500	Lung	bivariate	Larimer, CO	251494	41.5	47.65	1.60459	42.5	1	380.8
08071	2.00886	50.5	123.316665540388	Lung	bivariate	Las Animas, CO	15207	50.5	45.1	2.00886	19.3	0.6	297.3
08075	1.22997	59.1	143.19217855735	Lung	bivariate	Logan, CO	20504	59.1	48.9	1.22997	18	2.3	419.2
08077	1.47285	61.5	340.961874701557	Lung	bivariate	Mesa, CO	116255	61.5	51.5	1.47285	25.4	0.7	379.6
08081	1.94815	59.3	114.821600755259	Lung	bivariate	Moffat, CO	13184	59.3	50.6	1.94815	14.9	0.4	410.9
08083	1.99752	53.7	154.369686143362	Lung	bivariate	Montezuma, CO	23830	53.7	48.55	1.99752	26.5	0.3	382.4
08085	1.91971	57.6	182.84419597023	Lung	bivariate	Montrose, CO	33432	57.6	46.2	1.91971	22.3	0.5	361.8
08087	1.32823	49.8	164.836282413794	Lung	bivariate	Morgan, CO	27171	49.8	42.6	1.32823	14.6	0.5	367.4
08089	1.27874	52.1	142.516665692122	Lung	bivariate	Otero, CO	20311	52.1	46.2	1.27874	15.4	1	380.4
08097	2.75963	25	121.950809755409	Lung	bivariate	Pitkin, CO	14872	25	40.05	2.75963	59.7	0.6	391.9
08099	1.11224	45.5	120.345336428131	Lung	bivariate	Prowers, CO	14483	45.5	43.05	1.11224	18.3	0.4	356.8
08101	1.49269	51.3	376.127637910324	Lung	bivariate	Pueblo, CO	141472	51.3	47.35	1.49269	20.9	2.3	409.4
08105	2.4774	38.4	111.413643688733	Lung	bivariate	Rio Grande, CO	12413	38.4	45.95	2.4774	19.2	0.4	375.6
08107	2.33629	49.6	142.80406156689	Lung	bivariate	Routt, CO	20393	49.6	44.45	2.33629	45.6	0.3	371.5
08123	1.46872	55	425.365724994386	Lung	bivariate	Weld, CO	180936	55	42.05	1.46872	25.4	0.8	363.5
16001	0.83037	58.7	500	Lung	bivariate	Ada, ID	300904	58.7	46.8	0.83037	35	1	418.4
16005	1.4416	42.1	274.890887444455	Lung	bivariate	Bannock, ID	75565	42.1	45.55	1.4416	27.3	0.9	349.5
16011	1.40641	46.8	204.2914584607	Lung	bivariate	Bingham, ID	41735	46.8	42.8	1.40641	15.9	0.4	384
16013	1.93417	28.9	137.807837222707	Lung	bivariate	Blaine, ID	18991	28.9	41.85	1.93417	43.2	0.3	375.1
16017	0.80397	58.6	191.924464308227	Lung	bivariate	Bonner, ID	36835	58.6	55.85	0.80397	22.5	0.2	414.5
16019	1.45545	36	287.266426858413	Lung	bivariate	Bonneville, ID	82522	36	44	1.45545	26.2	0.7	381.3
16027	0.75237	57.7	362.547927866096	Lung	bivariate	Canyon, ID	131441	57.7	47.2	0.75237	16.7	0.5	410.8
16031	1.35891	34.6	146.342065039414	Lung	bivariate	Cassia, ID	21416	34.6	37.35	1.35891	15.7	0.2	308.7
16043	1.58565	26	108.715224324839	Lung	bivariate	Fremont, ID	11819	26	47.9	1.58565	19.8	0.4	381.2
16045	0.76313	75.8	123.211200789539	Lung	bivariate	Gem, ID	15181	75.8	52.8	0.76313	12.6	0.2	410
16047	1.05944	63.1	118.974787245029	Lung	bivariate	Gooding, ID	14155	63.1	42.2	1.05944	11.5	0.5	420.4
16049	1.11151	58.1	124.543165207891	Lung	bivariate	Idaho, ID	15511	58.1	53.7	1.11151	12.3	0.1	345.8
16051	1.48497	35.9	138.401589586247	Lung	bivariate	Jefferson, ID	19155	35.9	38.9	1.48497	17.8	0.3	399.5
16053	1.15273	62.1	135.432640083549	Lung	bivariate	Jerome, ID	18342	62.1	44.05	1.15273	12.1	0.3	421
16055	0.72524	60.9	329.674081480483	Lung	bivariate	Kootenai, ID	108685	60.9	54	0.72524	23.2	0.3	419.6
16057	0.82288	35.6	186.909068800848	Lung	bivariate	Latah, ID	34935	35.6	42.45	0.82288	41.8	0.8	344.9
16067	1.27387	43.2	142.035206903077	Lung	bivariate	Minidoka, ID	20174	43.2	46.3	1.27387	9.4	0.4	372.5
16069	0.42658	70.3	193.416648714634	Lung	bivariate	Nez Perce, ID	37410	70.3	52.75	0.42658	18.2	0.4	393.2
16073	0.92709	70.5	103.169763012231	Lung	bivariate	Owyhee, ID	10644	70.5	43.3	0.92709	10.3	0.3	383.2
16075	0.68787	75.9	143.450339839263	Lung	bivariate	Payette, ID	20578	75.9	51.95	0.68787	13.8	0.3	397.7
16079	1.0906	97.9	117.349904132896	Lung	bivariate	Shoshone, ID	13771	97.9	61.9	1.0906	11.9	0.2	403.3
16083	1.16248	59.1	253.542895778998	Lung	bivariate	Twin Falls, ID	64284	59.1	49	1.16248	16.8	0.3	421.2
30013	1.05983	74.1	283.473102780493	Lung	bivariate	Cascade, MT	80357	74.1	51.05	1.05983	23.9	1.5	388.3
30017	0.73941	77.5	108.148046676766	Lung	bivariate	Custer, MT	11696	77.5	51	0.73941	19.2	0.2	457.5
30027	1.25059	62.8	109.055031979272	Lung	bivariate	Fergus, MT	11893	62.8	48.75	1.25059	23	0.2	466.3
30029	0.99844	62.5	272.893752218698	Lung	bivariate	Flathead, MT	74471	62.5	52.65	0.99844	26.7	0.3	430.5
30031	1.55282	47.9	260.443851914381	Lung	bivariate	Gallatin, MT	67831	47.9	47.85	1.55282	45	0.4	370.8
30041	0.86015	77.4	129.123971438304	Lung	bivariate	Hill, MT	16673	77.4	51.6	0.86015	20.4	0.2	401.9
30043	1.60127	96	100.244700608062	Lung	bivariate	Jefferson, MT	10049	96	50.25	1.60127	32	0.2	345
30049	1.29116	73.3	236.042369078096	Lung	bivariate	Lewis and Clark, MT	55716	73.3	51.8	1.29116	34.7	0.3	387.9
30053	1.09585	87.9	137.247950804374	Lung	bivariate	Lincoln, MT	18837	87.9	59.95	1.09585	16.4	0.3	389
30063	1.09651	62.5	309.51898164733	Lung	bivariate	Missoula, MT	95802	62.5	49.6	1.09651	38.4	0.5	371.2
30067	1.65706	49.6	125.275695966935	Lung	bivariate	Park, MT	15694	49.6	50.65	1.65706	31.4	0.5	396.6
30081	1.39823	51.4	189.921036222952	Lung	bivariate	Ravalli, MT	36070	51.4	53.35	1.39823	25	0.3	355.8
30089	1.16545	59.4	101.128630960772	Lung	bivariate	Sanders, MT	10227	59.4	56.65	1.16545	15.6	0.3	398.2
30093	1.73005	59.2	186.026879778165	Lung	bivariate	Silver Bow, MT	34606	59.2	54.9	1.73005	22.9	0.3	357.3
30111	0.9978	69.2	359.655390617185	Lung	bivariate	Yellowstone, MT	129352	69.2	48.85	0.9978	29	0.8	438.5
32001	1.24885	82.6	154.861228201251	Lung	bivariate	Churchill, NV	23982	82.6	49.85	1.24885	18.2	1.9	404.2
32003	0.65514	71.3	500	Lung	bivariate	Clark, NV	1378009	71.3	48.3	0.65514	21.7	10	385.3
32005	1.64554	59.1	203.123115375872	Lung	bivariate	Douglas, NV	41259	59.1	51.65	1.64554	25.9	0.5	365.8
32007	1.75552	57.6	212.816822643324	Lung	bivariate	Elko, NV	45291	57.6	40.55	1.75552	15.8	0.8	301.9
32013	1.50769	56	126.9094165143	Lung	bivariate	Humboldt, NV	16106	56	40.9	1.50769	13.4	0.7	338.6
32019	1.45403	80.4	185.744448100071	Lung	bivariate	Lyon, NV	34501	80.4	57.15	1.45403	12.7	1	397.3
32031	1.46328	65.9	500	Lung	bivariate	Washoe, NV	339486	65.9	49.9	1.46328	26.7	2.6	367.6
35001	1.63461	44.2	500	Lung	bivariate	Bernalillo, NM	556678	44.2	46.7	1.63461	31.5	3.4	380
35005	1.1099	62.9	247.753910160869	Lung	bivariate	Chaves, NM	61382	62.9	44.05	1.1099	15.7	2.3	370.5
35007	2.133	32.7	119.117588961496	Lung	bivariate	Colfax, NM	14189	32.7	45.3	2.133	19.9	0.4	315.9
35009	1.30869	59	212.235718011837	Lung	bivariate	Curry, NM	45044	59	43.2	1.30869	18.2	7.9	333.9
35013	1.23261	43.5	417.949757746072	Lung	bivariate	Dona Ana, NM	174682	43.5	37.75	1.23261	25.4	2	343.8
35015	1.01084	63	227.283963358614	Lung	bivariate	Eddy, NM	51658	63	46.8	1.01084	15.1	1.9	377.9
35017	1.84299	39.7	187.701891306401	Lung	bivariate	Grant, NM	35232	39.7	43.5	1.84299	24.1	0.8	341.8
35025	1.12207	67.7	235.607724830915	Lung	bivariate	Lea, NM	55511	67.7	45.75	1.12207	12.9	4.8	349.3
35027	2.05568	39.7	139.323364874668	Lung	bivariate	Lincoln, NM	19411	39.7	49.15	2.05568	23.9	0.6	312.8
35028	2.16274	24.5	135.436331905438	Lung	bivariate	Los Alamos, NM	18343	24.5	44.5	2.16274	64	0.6	407.3
35029	1.32874	53	158.16447135814	Lung	bivariate	Luna, NM	25016	53	39.6	1.32874	13.5	1.2	351.7
35035	1.47471	58.3	249.595673039418	Lung	bivariate	Otero, NM	62298	58.3	46.65	1.47471	17.7	4.5	340.7
35037	1.26037	85.5	100.772019926168	Lung	bivariate	Quay, NM	10155	85.5	46.45	1.26037	14.8	1	378.7
35039	2.03226	27.5	202.953196574974	Lung	bivariate	Rio Arriba, NM	41190	27.5	49.2	2.03226	16.1	0.5	325.1
35041	1.23935	67.8	134.231143927183	Lung	bivariate	Roosevelt, NM	18018	67.8	40.05	1.23935	21.2	2	394.2
35043	1.69457	44.8	299.846627461441	Lung	bivariate	Sandoval, NM	89908	44.8	45.55	1.69457	28.4	2.2	395.6
35047	2.05931	38.5	173.568430309201	Lung	bivariate	San Miguel, NM	30126	38.5	43.4	2.05931	23.3	1.1	318.8
35049	2.04993	37.8	359.571967761671	Lung	bivariate	Santa Fe, NM	129292	37.8	44.8	2.04993	40	0.9	375.8
35051	1.47006	60.2	115.195486022674	Lung	bivariate	Sierra, NM	13270	60.2	50.7	1.47006	16.8	0.6	382.4
35053	1.61397	49	134.454453254624	Lung	bivariate	Socorro, NM	18078	49	40.85	1.61397	22.3	1	370.9
35055	2.39819	35.9	173.144448366097	Lung	bivariate	Taos, NM	29979	35.9	46.65	2.39819	30.1	0.6	356.3
35057	1.9708	55.2	130.042300810159	Lung	bivariate	Torrance, NM	16911	55.2	45.25	1.9708	14	2	359.7
35061	1.51823	57.1	257.21975040809	Lung	bivariate	Valencia, NM	66162	57.1	44.25	1.51823	16.8	1.6	385.1
41001	1.17598	65.8	129.387016350173	Lung	bivariate	Baker, OR	16741	65.8	53.3	1.17598	20.5	0.4	351.4
41003	0.1047	58	279.558580623096	Lung	bivariate	Benton, OR	78153	58	42.05	0.1047	47.9	1.2	421
41005	0.12243	58.6	500	Lung	bivariate	Clackamas, OR	338391	58.6	49.85	0.12243	31.4	1	398.5
41007	0.0806	75.4	188.759105740624	Lung	bivariate	Clatsop, OR	35630	75.4	52.7	0.0806	21.6	0.7	404.8
41009	0.12409	86.1	208.710325571113	Lung	bivariate	Columbia, OR	43560	86.1	55.65	0.12409	16.8	0.4	404.2
41011	0.07516	79.6	250.557378658063	Lung	bivariate	Coos, OR	62779	79.6	56.9	0.07516	18.3	0.6	391.3
41013	1.00498	68.9	138.499097469984	Lung	bivariate	Crook, OR	19182	68.9	54.35	1.00498	15.4	0.1	412.9
41015	0.14325	74.1	145.385693931693	Lung	bivariate	Curry, OR	21137	74.1	56.1	0.14325	18.5	0.3	389.2
41017	1.09946	58.5	339.657180109592	Lung	bivariate	Deschutes, OR	115367	58.5	52.65	1.09946	29.1	0.4	417.8
41019	0.26616	78.2	316.85801236516	Lung	bivariate	Douglas, OR	100399	78.2	56.95	0.26616	15.5	0.4	394.1
41027	0.36833	61.2	142.867071083578	Lung	bivariate	Hood River, OR	20411	61.2	44	0.36833	25.9	0.8	369.9
41029	0.52203	65	425.756972931742	Lung	bivariate	Jackson, OR	181269	65	52.6	0.52203	24.4	0.7	417.5
41031	0.80805	63.4	137.873130087048	Lung	bivariate	Jefferson, OR	19009	63.4	46.95	0.80805	15.9	0.5	372.3
41033	0.43704	78.1	275.183575091247	Lung	bivariate	Josephine, OR	75726	78.1	57.5	0.43704	16.5	0.5	406.6
41035	1.31484	72.6	252.537125983488	Lung	bivariate	Klamath, OR	63775	72.6	54	1.31484	18.1	1	381.7
41039	0.17643	65.2	500	Lung	bivariate	Lane, OR	322959	65.2	51.55	0.17643	27.7	1.3	387.7
41041	0.10697	73.9	210.900450449969	Lung	bivariate	Lincoln, OR	44479	73.9	56.55	0.10697	23.8	0.6	400.8
41043	0.14357	72.8	321.043610744709	Lung	bivariate	Linn, OR	103069	72.8	54.05	0.14357	16.3	0.5	396.6
41045	0.75439	57.1	177.806074136965	Lung	bivariate	Malheur, OR	31615	57.1	44.9	0.75439	13.8	1.4	359.3
41047	0.08907	65.6	500	Lung	bivariate	Marion, OR	284834	65.6	49.5	0.08907	20.9	1.3	416.7
41049	0.30439	73.3	104.857045542968	Lung	bivariate	Morrow, OR	10995	73.3	50.05	0.30439	11.5	0.3	375.3
41051	0.07789	71.7	500	Lung	bivariate	Multnomah, OR	660486	71.7	49.45	0.07789	37.5	6.8	405.6
41053	0.10471	55	249.759884689275	Lung	bivariate	Polk, OR	62380	55	45.45	0.10471	28.1	0.7	402.6
41057	0.17886	75.4	157.702251093635	Lung	bivariate	Tillamook, OR	24870	75.4	55.8	0.17886	20	0.4	364.5
41059	0.31283	56.6	265.608734796128	Lung	bivariate	Umatilla, OR	70548	56.6	48.3	0.31283	14.6	1.1	390.6
41061	0.95034	52.3	156.620560591514	Lung	bivariate	Union, OR	24530	52.3	50.35	0.95034	20.3	0.7	416.7
41065	0.27752	86.8	154.243314279744	Lung	bivariate	Wasco, OR	23791	86.8	52.05	0.27752	21.5	0.6	390.3
41067	0.07951	52.3	500	Lung	bivariate	Washington, OR	445342	52.3	44.15	0.07951	38.9	1.6	382.8
41071	0.08127	68.1	291.533874532618	Lung	bivariate	Yamhill, OR	84992	68.1	47.9	0.08127	23	1.1	407.9
49003	1.38951	24.6	206.748639656952	Lung	bivariate	Box Elder, UT	42745	24.6	38.4	1.38951	22.7	0.3	368.9
49005	1.43827	12	302.309444113147	Lung	bivariate	Cache, UT	91391	12	28.75	1.43827	35.1	0.6	385.8
49007	1.86423	40.5	142.90556322271	Lung	bivariate	Carbon, UT	20422	40.5	49.4	1.86423	14.2	0.5	365.8
49011	1.41133	21.1	488.870125902575	Lung	bivariate	Davis, UT	238994	21.1	35.5	1.41133	33.8	1.4	385.9
49013	1.80322	45.3	119.879105769104	Lung	bivariate	Duchesne, UT	14371	45.3	45.15	1.80322	16	0.3	437.2
49019	1.43217	39.5	109.238271681678	Lung	bivariate	Grand, UT	11933	39.5	48.7	1.43217	24.3	0.4	325.3
49021	1.86774	36	183.790641763937	Lung	bivariate	Iron, UT	33779	36	41.15	1.86774	28.2	0.5	394.1
49035	1.38006	30.9	500	Lung	bivariate	Salt Lake, UT	898387	30.9	37.7	1.38006	30.1	1.4	375.6
49039	1.98589	22.9	150.874119715742	Lung	bivariate	Sanpete, UT	22763	22.9	36.6	1.98589	18.7	0.4	375.6
49041	1.8541	39	137.266164804004	Lung	bivariate	Sevier, UT	18842	39	42.85	1.8541	16.9	0.3	418.7
49043	2.16598	18.9	172.441294358399	Lung	bivariate	Summit, UT	29736	18.9	34.95	2.16598	50.8	0.4	414.9
49045	1.4913	38.7	201.829135656872	Lung	bivariate	Tooele, UT	40735	38.7	39.45	1.4913	18.6	1.6	404.9
49047	1.72981	47	158.820653568735	Lung	bivariate	Uintah, UT	25224	47	46.4	1.72981	14.7	0.2	329.6
49049	1.47365	17	500	Lung	bivariate	Utah, UT	368536	17	28.25	1.47365	35.5	0.5	340.1
49051	1.92202	31.3	123.349098091555	Lung	bivariate	Wasatch, UT	15215	31.3	38.45	1.92202	31.1	0.3	359.1
49053	1.00458	32.1	300.589420971531	Lung	bivariate	Washington, UT	90354	32.1	42.1	1.00458	24	0.4	361
49057	1.38761	32.3	443.320425877265	Lung	bivariate	Weber, UT	196533	32.3	42.4	1.38761	22.5	1.8	355.6
53001	0.37034	46.5	128.171759760097	Lung	bivariate	Adams, WA	16428	46.5	37.9	0.37034	13.4	0.4	342.8
53003	0.37187	66.8	143.356199726416	Lung	bivariate	Asotin, WA	20551	66.8	52.25	0.37187	18.2	0.4	305.3
53005	0.1679	64.9	377.458607002145	Lung	bivariate	Benton, WA	142475	64.9	46.45	0.1679	27.6	1.3	391.4
53007	0.48124	51.4	258.10075552001	Lung	bivariate	Chelan, WA	66616	51.4	46.5	0.48124	23.2	0.4	400.2
53009	0.14544	65.8	256.353271873015	Lung	bivariate	Clallam, WA	65717	65.8	54.65	0.14544	23.3	1.1	423.1
53011	0.08758	57.8	500	Lung	bivariate	Clark, WA	345238	57.8	51	0.08758	25.7	2.3	368.9
53015	0.08174	80.2	304.873744359858	Lung	bivariate	Cowlitz, WA	92948	80.2	51.85	0.08174	14.7	0.8	415.1
53017	0.36223	52.4	180.563008393192	Lung	bivariate	Douglas, WA	32603	52.4	45.7	0.36223	17.3	0.6	428.2
53021	0.15124	62.8	222.141846575561	Lung	bivariate	Franklin, WA	49347	62.8	37.55	0.15124	14.6	2.9	374.8
53025	0.3723	59.7	273.309348541172	Lung	bivariate	Grant, WA	74698	59.7	44.7	0.3723	14.4	1.3	367.5
53027	0.06532	101	259.218054926735	Lung	bivariate	Grays Harbor, WA	67194	101	57.05	0.06532	14.5	0.7	439
53029	0.05718	54.7	267.503271008038	Lung	bivariate	Island, WA	71558	54.7	50.75	0.05718	29.8	3	408.2
53031	0.04286	64.9	161.099348229594	Lung	bivariate	Jefferson, WA	25953	64.9	55.85	0.04286	34.8	0.7	432.3
53033	0.09375	58.1	500	Lung	bivariate	King, WA	1739174	58.1	45.75	0.09375	45.2	6.5	422.6
53035	0.07513	63.8	481.631601953194	Lung	bivariate	Kitsap, WA	231969	63.8	50.95	0.07513	28	3.8	426
53037	0.63657	53.6	182.652675863235	Lung	bivariate	Kittitas, WA	33362	53.6	48.55	0.63657	31.9	1	341.8
53039	0.49813	46.1	138.423263940712	Lung	bivariate	Klickitat, WA	19161	46.1	52	0.49813	17.9	0.5	283.9
53041	0.19497	69.9	261.916017074176	Lung	bivariate	Lewis, WA	68600	69.9	53.05	0.19497	15	0.6	380.8
53043	0.6689	76	100.915806492343	Lung	bivariate	Lincoln, WA	10184	76	49.25	0.6689	20.3	0.6	322
53045	0.07554	84.6	222.272355456094	Lung	bivariate	Mason, WA	49405	84.6	57.1	0.07554	17.9	1.5	470
53047	0.63894	56.8	198.907013451009	Lung	bivariate	Okanogan, WA	39564	56.8	49	0.63894	17.7	0.5	384.1
53049	0.0765	70.7	150.439356552732	Lung	bivariate	Pacific, WA	22632	70.7	56.1	0.0765	16.8	0.4	315
53051	0.8434	66.2	108.314357312408	Lung	bivariate	Pend Oreille, WA	11732	66.2	55.35	0.8434	17.9	0.4	390.9
53053	0.10884	77.3	500	Lung	bivariate	Pierce, WA	700820	77.3	48.6	0.10884	23.4	8.6	444.3
53057	0.12677	69.5	325.339822339658	Lung	bivariate	Skagit, WA	105846	69.5	49.85	0.12677	23.2	0.7	440.3
53061	0.10887	73.1	500	Lung	bivariate	Snohomish, WA	606564	73.1	48.55	0.10887	28.2	2.3	444.5
53063	0.63886	69.6	500	Lung	bivariate	Spokane, WA	417939	69.6	54.15	0.63886	27.9	2.2	396.5
53065	0.72001	61.8	200.164931993594	Lung	bivariate	Stevens, WA	40066	61.8	53.3	0.72001	19.2	0.5	360.5
53067	0.0679	69.2	455.362492965769	Lung	bivariate	Thurston, WA	207355	69.2	51.5	0.0679	31.6	3.1	437.5
53071	0.29391	50	234.90423580685	Lung	bivariate	Walla Walla, WA	55180	50	44.1	0.29391	24.2	2	416.9
53073	0.09604	59.9	408.428696347355	Lung	bivariate	Whatcom, WA	166814	59.9	49.8	0.09604	31.7	1.1	467.6
53077	0.34955	62.6	471.784908618324	Lung	bivariate	Yakima, WA	222581	62.6	43.25	0.34955	15.6	1.4	369.6
56003	1.34189	49.5	107.056060080689	Lung	bivariate	Big Horn, WY	11461	49.5	46.6	1.34189	20.3	0.2	355.1
56005	1.38626	75.4	186.866262337534	Lung	bivariate	Campbell, WY	34919	75.4	50.3	1.38626	17.6	0.3	383.9
56007	2.14516	54.7	125.055987461617	Lung	bivariate	Carbon, WY	15639	54.7	49.7	2.14516	17.9	0.8	369.1
56009	1.55684	71.4	109.781601372908	Lung	bivariate	Converse, WY	12052	71.4	51.55	1.55684	17.6	0.3	454.5
56013	1.74152	48.8	191.436673602526	Lung	bivariate	Fremont, WY	36648	48.8	54.3	1.74152	22.8	0.2	369.3
56015	1.29468	52.4	111.973211081937	Lung	bivariate	Goshen, WY	12538	52.4	49.85	1.29468	19.6	0.3	407.3
56021	1.84803	61.7	285.669389329694	Lung	bivariate	Laramie, WY	81607	61.7	46.75	1.84803	22.9	3.2	419
56023	2.03552	25.6	120.718681238655	Lung	bivariate	Lincoln, WY	14573	25.6	49.9	2.03552	19.3	0.2	383.9
56025	1.6222	66.4	257.939915484207	Lung	bivariate	Natrona, WY	66533	66.4	53.3	1.6222	20.9	1.1	391.2
56029	1.6262	42.3	160.580198032011	Lung	bivariate	Park, WY	25786	42.3	49.25	1.6262	27.7	0.2	401.2
56033	1.28398	56	162.972390299707	Lung	bivariate	Sheridan, WY	26560	56	50	1.28398	23.1	0.3	421.8
56037	1.95832	39.1	193.940712590214	Lung	bivariate	Sweetwater, WY	37613	39.1	48.9	1.95832	17.1	1	368.4
56039	2.12341	36.7	135.096261976414	Lung	bivariate	Teton, WY	18251	36.7	46.6	2.12341	49.7	0.2	411.4
56041	2.11772	32.1	140.506227619988	Lung	bivariate	Uinta, WY	19742	32.1	47.5	2.11772	17.4	0.2	286.3
